>>>>>>>>>>FINAL PI IS>>>>>>
[0.03867065832836699 ][0.059332188024604576 ][0.01229775304377258 ][0.058965244813492815 ][0.04940054721517413 ][0.03716092083196759 ][0.011935748741177067 ][0.03895661591351174 ][0.056652381008337145 ][0.03303585489725625 ][0.029290102855432446 ][0.035069095177808124 ][0.021411120022568574 ][0.021610679923907222 ][0.018614009270013304 ][0.023518113867636952 ][0.01889574914386674 ][0.020733657448073574 ][0.06194036808880396 ][0.03731230922087923 ][0.013425535760184109 ][0.02386204873356985 ][0.03305349480168495 ][0.03734334293527526 ][0.027993916366621605 ][0.055730977898701 ][0.027992411303631094 ][0.028650642582569958 ][0.014960131389886345 ][0.052184380391224396 ] 
 
>>>>>>>>>>FINAL A IS>>>>>>
[[0.03281185428349451, 0.033739116876691025, 0.033507479148659404, 0.03258325411663599, 0.033679514201084546, 0.03282134134821404, 0.034239479430541286, 0.03378572163635408, 0.03307352780224583, 0.03270440226722845, 0.03408547269179484, 0.033182048542671, 0.033026430682201166, 0.03317922597994344, 0.033644415555588864, 0.032942856320560834, 0.03275659668681064, 0.033967800227406225, 0.03398845948061293, 0.03334218735978431, 0.034125380585596415, 0.03354458826642849, 0.033169621946836224, 0.03395396293970592, 0.032544338629043885, 0.0339715750871193, 0.03389353588400462, 0.032705312301867975, 0.03288256828805721, 0.032147931432824836]
[0.03261176303769287, 0.03224969453118941, 0.033445064923069846, 0.033832720358283025, 0.033290868612139875, 0.033645695610141135, 0.03326502033402629, 0.0327675677397482, 0.03288260077194679, 0.03396069669183081, 0.03364182520836009, 0.03290169586263276, 0.03317648688568474, 0.033422904371422056, 0.03328262496543061, 0.03284115626425643, 0.0338408755906273, 0.03372578037587182, 0.033521737591938904, 0.03334610469758333, 0.033275395063867085, 0.03278606404386041, 0.03437696748471472, 0.03259818469026357, 0.03284705721049638, 0.03237232048561339, 0.033375208405664034, 0.032362525347507984, 0.03392444992584161, 0.036428942918300525]
[0.03364813568681696, 0.033043452430931694, 0.03386309462487003, 0.033262864086976686, 0.03420815353362788, 0.034293151517389035, 0.03319372384044387, 0.03314366507021209, 0.03373511415068265, 0.03358621304116809, 0.034090835397138385, 0.03411420735984433, 0.03310294693842475, 0.03393170392098116, 0.03378829213294108, 0.03313845928334257, 0.03430980798450325, 0.0329532772676921, 0.03376355829721734, 0.03440029876100072, 0.034401860615264894, 0.033303508834541654, 0.03321943506311077, 0.0334871069759939, 0.03317038447957477, 0.03345068690489877, 0.033920308118422976, 0.03260664888560258, 0.03400669592231953, 0.02486240887407351]
[0.03259215245591228, 0.032330069921315215, 0.0334709497129014, 0.03309044729398792, 0.03445009664658327, 0.03394769216771844, 0.033611560028343174, 0.03394528722179709, 0.03266170776469838, 0.03365720272008538, 0.03367491687747865, 0.03342755341917748, 0.03383877749700624, 0.03226279161658392, 0.032558775987234, 0.033214643252446434, 0.03282448508309445, 0.03342490026946999, 0.0325219894388732, 0.03393491857297862, 0.032537503694341066, 0.03483042542789264, 0.03321436350196125, 0.03279744483357472, 0.03230003953893485, 0.032252005713013364, 0.03371289926782228, 0.0324235741676333, 0.033549919990573475, 0.036940905916550804]
[0.03252148104880467, 0.03301191459049882, 0.03457222456966379, 0.03338642150307832, 0.03378387464908129, 0.0335324813945466, 0.03340763161433099, 0.03292076174681984, 0.03380982192115164, 0.033907953279652694, 0.03229060012323764, 0.03268410125779021, 0.03259827474063392, 0.03271046442574523, 0.034344947934748786, 0.033676074525114306, 0.034079762263080876, 0.03246779304947888, 0.03383399819244658, 0.0340636985068521, 0.03442730262510848, 0.03343120722763033, 0.03431805660869203, 0.03253610268859111, 0.03391590583840869, 0.033982408632131714, 0.032458784104467606, 0.03310573103280633, 0.03294989124468428, 0.031270328660726605]
[0.033798434660774784, 0.03241670430288535, 0.03432552085243118, 0.033080538132883884, 0.03390925317056971, 0.03439054729033442, 0.03371786089693005, 0.03243282606834018, 0.03340376432962651, 0.0322515142303356, 0.03357160941413591, 0.032960274054947405, 0.03221821779596066, 0.03295670491017976, 0.03260331475706343, 0.03431908919712387, 0.03279155634329728, 0.032577305549988195, 0.03275149336080205, 0.03303576379855074, 0.03442158649817565, 0.034652652795953275, 0.03365309396451905, 0.03247440099623648, 0.032928577653378074, 0.03217968265696111, 0.03293734259478422, 0.033220777562730036, 0.034301767001042115, 0.03571782515904555]
[0.032430248824405476, 0.03330214981727198, 0.03345443637855646, 0.0340238513154005, 0.03379466110566682, 0.03285132057955606, 0.0333934045374824, 0.032239755470519514, 0.033943399653393526, 0.032237274233301055, 0.032780420718979096, 0.03316583088220198, 0.033104529356613274, 0.03363489725627691, 0.032661497964627105, 0.03370044960282547, 0.03371751010068476, 0.0339085764204884, 0.03307503608102289, 0.03288067804911704, 0.03302902025360268, 0.03425911879288611, 0.03335731558466491, 0.03393127436549691, 0.03377839402275401, 0.033181722809601424, 0.032300048692132634, 0.03362431967848827, 0.03415626710345094, 0.0340825903485335]
[0.033607186651688874, 0.03354737858264626, 0.03265031938869471, 0.03392491262375404, 0.032774294766144116, 0.03269075705009195, 0.033852226588252675, 0.03237502383069015, 0.03282982003431191, 0.03345477934069569, 0.03340515064637599, 0.032932880545660605, 0.03394780234282532, 0.033275679260436335, 0.032951969189060105, 0.0332837233074776, 0.033035621495892016, 0.03410819096031233, 0.03358019329667578, 0.03447051424448219, 0.03373031202530405, 0.03294748871849981, 0.03371191144302723, 0.032966280683231854, 0.03252746288785898, 0.03356457386160199, 0.03263467763801035, 0.03285448278953445, 0.03262823419244881, 0.03573615161431269]
[0.03384763477408849, 0.03409802518756338, 0.03447140481894982, 0.03354969423332054, 0.034356420651929266, 0.03278801119931045, 0.03252882064149021, 0.032819547718806456, 0.03287967827051036, 0.0332618432303979, 0.03215159775812847, 0.03427661614148413, 0.034022563462561495, 0.032139589264754846, 0.033316937077475337, 0.03364892988657264, 0.034017461581511275, 0.03263763759161451, 0.03369267188327949, 0.03377307699558073, 0.033948870339920396, 0.033534449398147745, 0.033328818355237336, 0.0338988649610021, 0.03360609189709857, 0.033151640792784626, 0.0323851428798087, 0.032345514918819825, 0.032583002756597125, 0.03293944133125408]
[0.03393977635419301, 0.03319643179634421, 0.034127335515249504, 0.03267424260605736, 0.033203785069394184, 0.033173140367569035, 0.03278527275623147, 0.033804294203235094, 0.033678833999737236, 0.03361161938580682, 0.033626204378729437, 0.033099410323397235, 0.032567068631165694, 0.03389117381568232, 0.032584034056574826, 0.03443091303497807, 0.03300832438341053, 0.03309670019509922, 0.033070269594722486, 0.0332345131974833, 0.03307995505892661, 0.0332379082989692, 0.033540597180543336, 0.03307469348061382, 0.03404652122273119, 0.03403056618978939, 0.033599960213267034, 0.03210827543758426, 0.034343557356403515, 0.032134621896102944]
[0.033861549222174, 0.03327119615837285, 0.03348751017769665, 0.03408836814661767, 0.034130882702717365, 0.0330316731684859, 0.0333322461990077, 0.03347877548827763, 0.03355231667155931, 0.03288918183334886, 0.03338218343842101, 0.03400030267235296, 0.032882885498098424, 0.033486763143793105, 0.03306421748410506, 0.03287760008788556, 0.032901160306117345, 0.03251713907883007, 0.033241931646094645, 0.032789914232289843, 0.03321233998420042, 0.03325593348065224, 0.033929289280444475, 0.03333665243816546, 0.03416798395273018, 0.033203655148006495, 0.03322490398804729, 0.03241818107044186, 0.03411569870423435, 0.03286756459684174]
[0.03350978341497907, 0.03300647265114769, 0.03356668685084844, 0.033272410184471975, 0.03261134003040977, 0.03253740111936198, 0.03408520957662187, 0.03255962712387222, 0.032202983118055126, 0.03239247423098195, 0.03398693525800284, 0.032748604782326315, 0.033968781694145966, 0.032229097024201646, 0.03436896643725879, 0.03312216470864183, 0.033358121383126146, 0.03405723748433941, 0.03373660028031132, 0.03359613261270375, 0.032995387929176986, 0.03476331258670727, 0.033075470964379, 0.03387870959416158, 0.03342762771965433, 0.03306639921047043, 0.032386323266792874, 0.033641980239330724, 0.03318803589340438, 0.03465972263010056]
[0.03225996594278676, 0.03289087932499778, 0.03466008491012565, 0.033537811155902486, 0.03448247286660443, 0.032483708420736994, 0.03392010611976036, 0.0322080181980608, 0.03220311868806251, 0.03291239002943534, 0.03336700892176834, 0.03434648867374441, 0.03370753128982431, 0.033268608243123235, 0.03360134853737066, 0.03426223899426806, 0.03352630999417641, 0.03250647900960128, 0.03235991149831201, 0.03355611399464814, 0.032458336763622336, 0.03450300615952805, 0.03335337405079201, 0.033760184497807384, 0.03246988072641811, 0.03314270537393736, 0.03295144329344207, 0.03263986176043108, 0.033105977087270706, 0.03555463547341602]
[0.03229356611972232, 0.032690047171085895, 0.03321326939902166, 0.03324465055774065, 0.034044378406127146, 0.034321907283391996, 0.033998819327731605, 0.034095383190257185, 0.03245878393450275, 0.03315659635746128, 0.0322682478464845, 0.033250474297755815, 0.03334899249390309, 0.03282034317307645, 0.03397135964490393, 0.034045274202541435, 0.03291827824808449, 0.034122150182431386, 0.03265436403226636, 0.032976830867504574, 0.03249545218867581, 0.0347760129770638, 0.034013603929296934, 0.03394740654981286, 0.03323119347204829, 0.03277362740884002, 0.03408063151727146, 0.03213967227578474, 0.03239625620400439, 0.03425242674118257]
[0.03303553374364466, 0.03250517507350904, 0.033148526050009536, 0.03339700013601256, 0.03287832321860096, 0.03345320242456953, 0.03376424215716167, 0.032278809859317664, 0.033864046868126274, 0.03370981175555748, 0.03424375693382994, 0.03437988733378172, 0.034085469655433916, 0.03315974276173122, 0.03443163684172355, 0.03408587619802912, 0.03272726084857855, 0.03418411617803048, 0.03263151649400083, 0.03343043208103497, 0.03400115286822561, 0.03369460657639911, 0.03301642853680399, 0.032925682720505854, 0.03329849257919265, 0.03215787238945702, 0.03422600231135932, 0.03326204162589782, 0.034071519718278626, 0.029951834061202866]
[0.032048590789878255, 0.033516397900579746, 0.03444564474756374, 0.033071257191526475, 0.034488870719990086, 0.03438755081802545, 0.03344036258581821, 0.032808551954242704, 0.03371027464544032, 0.032249710045546935, 0.033771779262256975, 0.032694799973186785, 0.03346775258130076, 0.03303390190740942, 0.0342771866542, 0.03419365125289173, 0.03349640995883341, 0.03393979466100418, 0.03300605788832081, 0.032901543493347236, 0.034229304566261116, 0.03362937873189449, 0.03425594073203369, 0.033340688839255644, 0.03313778919179782, 0.03379378636220813, 0.032537878720009475, 0.03335726621894882, 0.03266828083864552, 0.030099596767579777]
[0.033626358855711296, 0.03333291037417064, 0.034480174144762885, 0.03319371079027965, 0.03304929809628245, 0.033902486762820976, 0.0342701186772125, 0.03377501600539281, 0.03225702260559634, 0.033519803515817244, 0.03340870761835517, 0.03304184911864251, 0.03367949010473749, 0.033926869374285684, 0.03293374033525004, 0.032691379022969064, 0.03384941852099666, 0.03360647185941483, 0.0336655069478868, 0.033435304388428656, 0.03317110046463485, 0.03323399221836171, 0.03414931793929621, 0.033392499706826284, 0.033938817389548896, 0.03305043551586198, 0.03317154565760199, 0.03234531039613447, 0.03328410379199515, 0.030617239800723804]
[0.03225299705061318, 0.03355468078328145, 0.03406211215750023, 0.03311136287706557, 0.034268136383368515, 0.033994318148812666, 0.03429191889572061, 0.03379038968030706, 0.03373931256724611, 0.03230483722427509, 0.03300177999334, 0.03354167394755552, 0.03257684978061669, 0.03286583756418146, 0.033604987543401604, 0.03351844533717274, 0.033025075213858626, 0.03353300650206424, 0.03274855725307025, 0.03335451034984083, 0.033191886909272, 0.0328939680453339, 0.032482209062725885, 0.033357434249069534, 0.03399305332763115, 0.033585174850057166, 0.03356403586449083, 0.03283233199065747, 0.03373658684055715, 0.03322252960693919]
[0.03217723000715588, 0.032972515049753126, 0.034422542142697306, 0.032608363240812455, 0.033595189328518855, 0.03392452446403431, 0.033084478823955946, 0.03227704790877339, 0.03259050295039692, 0.0322049811161405, 0.03322825796413819, 0.0342972230555221, 0.03268869175854695, 0.03240571983131693, 0.03339069352842311, 0.03450141366677802, 0.03318477695287981, 0.03322538563969956, 0.03296975387134915, 0.03307536574126554, 0.032513749396364096, 0.0346992010307161, 0.03374249203500344, 0.03360260271656036, 0.033726994051644865, 0.03275164081675997, 0.03258379135598769, 0.033554669767152226, 0.03422126769244121, 0.03577893409519155]
[0.03252558102590263, 0.033245091436960486, 0.03397060516157384, 0.03369716432728823, 0.03277297690954368, 0.033696829425891126, 0.033650640556122775, 0.0327119631447383, 0.03387962383428857, 0.033410150329347035, 0.03301725597247087, 0.03447794991469287, 0.032572295905272816, 0.03277057128973793, 0.03299838746975885, 0.032650321251667475, 0.03328180945694507, 0.032963534337742774, 0.03220369348681427, 0.03355707053846935, 0.03374865659142302, 0.03458494317022571, 0.03364942429727223, 0.0327566621570015, 0.033185021726401524, 0.03342773472439805, 0.03221301042030917, 0.0322581128657278, 0.03315873212312754, 0.03696418614886175]
[0.03294691186294629, 0.032794908252598357, 0.032764485442070085, 0.03421025930601259, 0.03372033254718526, 0.03440235427916554, 0.03323302744979512, 0.03254411909916585, 0.03231418767993331, 0.03326443078301254, 0.03253671185283985, 0.0332415772830779, 0.03378484433796401, 0.03342492627624027, 0.03289420892797176, 0.032996908782980616, 0.03322876396659743, 0.0341592210055533, 0.032642325419348674, 0.03483774276714113, 0.032918521841231986, 0.034466934514798944, 0.03262686884150937, 0.034077084119711235, 0.03329374233440529, 0.0323409888848545, 0.034159771934193804, 0.03323049480696797, 0.03250998194830374, 0.03443336345240966]
[0.032319437025310455, 0.0338883548375203, 0.033742376078464476, 0.0339136721486723, 0.03332527567471892, 0.0331484358184713, 0.032505450826664624, 0.03231389864837164, 0.03320520259885592, 0.03282002814910424, 0.03301062192200957, 0.03297119549286655, 0.03354345518405184, 0.033921327769194765, 0.03423994999277025, 0.03356419430534315, 0.033585275691614985, 0.032856499477730505, 0.032875642889888056, 0.03310642979577526, 0.03312814257451046, 0.03330851597373085, 0.03242977890249785, 0.03270551983882308, 0.03308984690998671, 0.03353679697134971, 0.03418200519302377, 0.03208924713738322, 0.0328426620298056, 0.03783076014147549]
[0.03336507251157027, 0.03324534421333921, 0.03284528190021639, 0.03405358236016887, 0.03318771373846251, 0.033771176335732095, 0.03253968135223273, 0.033288034058444334, 0.03236460260339774, 0.033791563457940495, 0.0323402262113914, 0.03385555044051462, 0.033871726521090606, 0.03379962653345943, 0.03378815386689891, 0.03372697613613467, 0.03429689852047832, 0.03288867429179547, 0.033577796641545074, 0.034424770886166384, 0.033146384849947724, 0.03458225639224471, 0.03306090989556011, 0.0334830190778898, 0.03314568691251636, 0.032486515260293024, 0.03240928462124944, 0.032220145880064555, 0.03288377966120544, 0.03355956486805228]
[0.033430791328190324, 0.03218673754296037, 0.03299270753974097, 0.034245284054373264, 0.0339279541321456, 0.0342045406015266, 0.032658202020066786, 0.03246200582826438, 0.033931898365624685, 0.033545897848194346, 0.033111621202873386, 0.03277412097933161, 0.03356102222172578, 0.03279567389792086, 0.03323089794238773, 0.03432814188767678, 0.03268776798627832, 0.033683343710383395, 0.03360875378315092, 0.033887372675385906, 0.034433577862609685, 0.03399530479368727, 0.03412250128603948, 0.03239016513647723, 0.03390018929550069, 0.03223579251925263, 0.03394257352624052, 0.03288893485876737, 0.03381606418703458, 0.03102016098620757]
[0.03301674518707735, 0.03248487074274525, 0.03438988156256466, 0.033735338720605676, 0.03321842232738798, 0.03253875860351478, 0.032423516138277125, 0.03263415449944013, 0.0332222401953206, 0.03281578889667888, 0.03431462239043301, 0.033116940142087194, 0.033391982661587355, 0.032167997584292875, 0.03444550343629313, 0.03271114278678956, 0.033333902465452044, 0.0328060325642828, 0.03362276703129401, 0.03435908596490062, 0.033119279587604425, 0.03392161475021796, 0.03288039759774615, 0.03375561584342025, 0.03270648680447366, 0.03244721309688041, 0.03435826164185551, 0.03295938841643805, 0.03333933763703884, 0.03576271072327938]
[0.032663527374470085, 0.03285170283900894, 0.033217485566094294, 0.03358619232496963, 0.03354722888883064, 0.03405354875140578, 0.032759289016851004, 0.03224712056020678, 0.032583894404827445, 0.03354406367554234, 0.03246957151915431, 0.034312532363934264, 0.03398200275695601, 0.033969156604979754, 0.033344776368081724, 0.032971174513309325, 0.033922506691728936, 0.0333356662259065, 0.03273276273450509, 0.034225934431473176, 0.03295255025426563, 0.03459610960894974, 0.03386925079399299, 0.03269152069809279, 0.0340541810018571, 0.033708995415867526, 0.03286084596145773, 0.03221473770270466, 0.03429021378023804, 0.03244145717033862]
[0.03195186583680624, 0.033460848737924424, 0.03462811961901861, 0.0324486307465375, 0.03457460430389083, 0.03351463360042079, 0.032431310349301565, 0.03248344985861589, 0.033193647952660076, 0.03320116342065748, 0.03396600219505348, 0.03260580819263867, 0.03292620320250605, 0.03334322868411534, 0.03267842338495459, 0.03365553326037978, 0.03262203914307934, 0.03396507743527042, 0.034100428219409354, 0.03301100307564333, 0.03302898653535537, 0.03284911325099486, 0.033840684323382754, 0.0322243833107525, 0.0336811161410385, 0.03395668134578558, 0.033792726597909536, 0.034119149260517546, 0.03274093059632659, 0.03500420741904499]
[0.032510480112634875, 0.033907254560077905, 0.03325341026777004, 0.03349743590530388, 0.03337750860915449, 0.03266658422207259, 0.03308050932316278, 0.033606885378156225, 0.033112444471486584, 0.0322477257755235, 0.0339400408462805, 0.033684481546423124, 0.033548499484887966, 0.03372570439081045, 0.03270504338309238, 0.03384938063395962, 0.03361393091332329, 0.032556421328084124, 0.03278331732517904, 0.03296293856946382, 0.032799513091855526, 0.03458234859061966, 0.032732451288646776, 0.033041124866625506, 0.032363224660028694, 0.03323623165400081, 0.03311983937629997, 0.03218646791277453, 0.03418678607022482, 0.03712201544207801]
[0.03235307450657427, 0.03394369118750835, 0.033428086903377445, 0.03382292904138992, 0.0345214259065116, 0.03437768182285976, 0.03415320932521315, 0.032528313201635815, 0.032367961126675275, 0.03227948996790528, 0.03313939703728166, 0.033944857689642643, 0.032318656337640944, 0.03348617179592051, 0.034019592102464996, 0.03430552494041671, 0.03350761969923513, 0.0333843276917684, 0.03274979569059034, 0.03334785902761504, 0.03392125834421387, 0.03412503373865207, 0.034327698654140634, 0.03384971176395037, 0.03380776516874688, 0.033613648709424106, 0.03251915481589372, 0.03256228987325063, 0.03298196617180996, 0.030311807757718898]
[0.032638421828886474, 0.03364857802917708, 0.033551649524717925, 0.03247896127629956, 0.03462519665609908, 0.033441008850651294, 0.03343474383110855, 0.033729518119737296, 0.033630378014214715, 0.03219874147111904, 0.03335921640546197, 0.032531265052148164, 0.03225067889367678, 0.032979423039011996, 0.033649599050715115, 0.03383049109351163, 0.03262580545452805, 0.032921667765298396, 0.03285281042061611, 0.033711846998063164, 0.033036942339979544, 0.03359327109155765, 0.03245114794297348, 0.033997569475891914, 0.033938940272860006, 0.03396626077388409, 0.03415364123053852, 0.03212251812546247, 0.03319410680266407, 0.035455600169136375]]
 
>>>>>>>>>>FINAL B IS>>>>>>
[[0.39592392612788135, 0.11445328900422043, 0.11218395474479328, 0.04373997958417725, 0.04080472356316242, 0.03601016041757641, 0.029817742672523878, 0.029042562530073125, 0.0312589793294965, 0.025316602579241856, 0.021986180764381462, 0.020776747570960093, 0.01889182872481751, 0.017005455916237353, 0.010697446981042198, 0.010143898503354917, 0.003362649472334313, 0.003886165465885295, 0.002739954313531253, 0.0018475093458867782, 6.808751541442725E-4, 0.0012200673811479815, 0.0023027536701050494, 0.0018225238165514791, 0.0021011227791317877, 0.0020558910585250978, 6.040142686878694E-4, 0.002105870088478399, 0.0016143838215484229, 0.0014515249443438755, 0.01415121540575888]
[0.39281405055900004, 0.1177043400677073, 0.11404468028039945, 0.04210250002799749, 0.042047553453574894, 0.0343182459987397, 0.030548128100649264, 0.02947625599142453, 0.031045582079525017, 0.024494648738237812, 0.022148710134506977, 0.0196105501275156, 0.018987829419229406, 0.017172245697138305, 0.010566449281546434, 0.009841593765254507, 0.003217895858525084, 0.003853288325665239, 0.002608024853300738, 0.0018054657044931277, 6.600947218223781E-4, 0.0011521723484182204, 0.0021868286997354905, 0.0018252379566034173, 0.002116043471349426, 0.002120301506145481, 5.999181282888616E-4, 0.0020840426166215133, 0.001590111964365554, 0.001502624880357596, 0.015754585241864568]
[0.41063324642359217, 0.11320265435688999, 0.1071938090054361, 0.04239257798728825, 0.04041305626791227, 0.033915823824635406, 0.028567373466526685, 0.02799795658563669, 0.03073868490879628, 0.02479190166443131, 0.021914608377031512, 0.020109286960375772, 0.01943575009779248, 0.016717110342309043, 0.010639303755017145, 0.009754781639524623, 0.0032548785900188746, 0.0036981420315700744, 0.0026009540363912767, 0.0018653941969095698, 6.419508116500859E-4, 0.0012016972192430092, 0.002212531256447542, 0.0017677302890652849, 0.0020742545662897423, 0.0020472585756144417, 5.838949900930023E-4, 0.0019984511356281945, 0.0016220756562792438, 0.0014817481686446381, 0.014531112812964868]
[0.4020874309138526, 0.11174646047077585, 0.11415888814712058, 0.04303484111992078, 0.040709202165364236, 0.03555953670886783, 0.030000857306103156, 0.027583202967369352, 0.03094783324950578, 0.024490382318219435, 0.02274705569151124, 0.01942302220020267, 0.019481221128227418, 0.01692635821895916, 0.010209577528183137, 0.009512260823672052, 0.0031565036468866677, 0.0037696875381852527, 0.002606348894379719, 0.0018776600738934631, 6.672777723917167E-4, 0.0011476118242009382, 0.002195266962008748, 0.00176856346911148, 0.002119688002467705, 0.0020311129185077523, 5.936651160639906E-4, 0.0020872567798427546, 0.0016462151647775934, 0.0014504326437675243, 0.014264578235631084]
[0.4050379947319393, 0.11274635824747287, 0.11307548707766066, 0.041445074687314634, 0.03990621775242224, 0.034916856238599206, 0.03001519328369928, 0.02767692434766361, 0.030811287764038107, 0.024527595947327396, 0.02258991629676241, 0.020033742644554937, 0.01855980459514473, 0.0161486028829644, 0.010621497587388944, 0.009534507290499433, 0.003254981001488543, 0.003887823920099203, 0.002705920661542761, 0.001818973884066898, 6.531247249714924E-4, 0.0011409052665449827, 0.0021686639734473483, 0.001717750424018673, 0.0021039177155427924, 0.0020678457795146677, 5.760760974108109E-4, 0.0020698454090087143, 0.0015640038788491935, 0.0014961597195358813, 0.01512694616850016]
[0.40279754480232255, 0.1133142077057019, 0.111921088852963, 0.04300246928469533, 0.04159296596965613, 0.03396061733777159, 0.029432111322735398, 0.02834517813647152, 0.0319756226048503, 0.023960696133455906, 0.022974828166885373, 0.01952923074287683, 0.019398692103973877, 0.016761855535328288, 0.010152696699701166, 0.009881783810322746, 0.003283568067080692, 0.0038302364855300215, 0.0025552135178769065, 0.001865920031720605, 6.675591673013769E-4, 0.001181893998950497, 0.0021658273763353613, 0.0017258345148272577, 0.0019928938410928207, 0.002120700145933052, 5.929424864102975E-4, 0.002104685775216255, 0.0016189844234610847, 0.0014603205781368524, 0.013831830380392842]
[0.4036228255368644, 0.11453947908657017, 0.10728045703054546, 0.041331709127422754, 0.040326685046372115, 0.035637557130176786, 0.030487221349505225, 0.029285400649917588, 0.03162942832137791, 0.02426562673781115, 0.0228189943758969, 0.020003019472091675, 0.019003064578135623, 0.017060003898909836, 0.01056818818838691, 0.010065843398636512, 0.0032352573424283314, 0.003799109042241166, 0.0026471617006460137, 0.0018723182717777578, 6.637336507551215E-4, 0.0011614208765427063, 0.002230154877674972, 0.0017758367274655514, 0.002049037394687551, 0.002081463048975633, 5.756021850237446E-4, 0.002013577385187892, 0.0016001549678325427, 0.0014757913548174987, 0.01489387724530768]
[0.3958518103150164, 0.11615078826321942, 0.11210944278965539, 0.04335557162479643, 0.03969878193029077, 0.03554942855859981, 0.030526024518650045, 0.02940425075868476, 0.03257018514714894, 0.024217284736034014, 0.022066620023766727, 0.02047034833469244, 0.01912879574143867, 0.01713016582305825, 0.010391996663143237, 0.010106803313237392, 0.0032941016595586913, 0.003968388852648674, 0.0026387494609821723, 0.0018254000235919104, 6.532389234618756E-4, 0.0012149731753601266, 0.0022520183664232357, 0.0017270808000525088, 0.00207175598632759, 0.0021005038767430294, 5.827167841720899E-4, 0.0020481968330266593, 0.0016097460489449713, 0.0015025015254722205, 0.01378232914180474]
[0.3946042226615273, 0.11400432600106314, 0.11376321165566236, 0.04298524481660798, 0.04213712274979128, 0.03460335782447807, 0.02960160488149683, 0.02834731197876645, 0.03183565145622872, 0.025327329896199922, 0.023069238734333447, 0.02057894535380766, 0.019341590381889064, 0.017216460680829042, 0.010707754106116182, 0.00976026871343888, 0.0033974354566903933, 0.00390880705041794, 0.002746379035202983, 0.0019026117230722503, 6.592193726052244E-4, 0.0012078874717784292, 0.0022214272769478377, 0.0017703836164857914, 0.0021207043002948725, 0.0020460502993985977, 5.809125095839295E-4, 0.002031108760808611, 0.0016801124443751425, 0.0014772177677217517, 0.014366101022371777]
[0.4004692102887373, 0.11305332571745869, 0.11131511093801691, 0.04302178306042506, 0.04080026967576392, 0.03510723296896214, 0.029126430272955646, 0.028204311241530264, 0.03276671673293506, 0.02429961715132425, 0.022619150148248994, 0.019576313480538062, 0.019257532105672482, 0.017139488419265707, 0.010548374767601223, 0.010019350090369333, 0.003184648337895412, 0.00397209003827698, 0.0027396272365522345, 0.0018576671913599443, 6.689753167317488E-4, 0.0012038780099708059, 0.002271046197744918, 0.0017721609035845432, 0.002016189648432722, 0.002030315745356317, 5.783364136264814E-4, 0.0020577289441349573, 0.0016549825657800302, 0.0015246035404260514, 0.01514353285030743]
[0.4012814187012729, 0.11159126667980496, 0.11078825753712211, 0.04176605552045174, 0.041767718357532284, 0.03540023975087046, 0.028850324153522018, 0.02786478915492454, 0.03187481024545028, 0.024987082472108593, 0.022191472555189128, 0.0198411112660657, 0.019200616458627206, 0.016454674094328523, 0.010257673210649397, 0.009728533564528475, 0.0032204356861783314, 0.00377678916309056, 0.0027299592218745098, 0.0018770702283219193, 6.72752538685315E-4, 0.0011736203762461837, 0.002203212996476259, 0.001736825213061047, 0.0020824840213854354, 0.0020619571718566107, 5.845382355183015E-4, 0.0021006061694762526, 0.0015938015154754346, 0.001454653488448517, 0.018885250251468807]
[0.4002701833998688, 0.11623559423723448, 0.11158181138103417, 0.04222899981261384, 0.04176320299763346, 0.03602206075812683, 0.02919333465431234, 0.02836613152054501, 0.031147839030710802, 0.02368728931510431, 0.022811297706126756, 0.019857292691236362, 0.019032182513866295, 0.016773022719847486, 0.010550362178781999, 0.00986661215283111, 0.003301098708267432, 0.0037882302706568113, 0.0027084110343018795, 0.0017984909439872, 6.507404843848312E-4, 0.001154916430920422, 0.0021484290567424626, 0.0018106997024552563, 0.0020515760314460912, 0.0021263293638412385, 6.045405115103964E-4, 0.002016977095403386, 0.0016605611493923475, 0.001504192512059905, 0.013287589634751178]
[0.4035013738900501, 0.11102939787849042, 0.10960554824170252, 0.04271711516313436, 0.04155669550179226, 0.0344872044105803, 0.02920504143784098, 0.029333565195295914, 0.031472317579056344, 0.024510149982570638, 0.02269522548516162, 0.01984046161557751, 0.0188976135269475, 0.01649615316695619, 0.01053684784461699, 0.009891463918454784, 0.0032841115491102457, 0.0038776240432094513, 0.0026570409166588116, 0.0018025965371900356, 6.692818834364917E-4, 0.0011534376298384227, 0.002188293508929133, 0.0017791026696928082, 0.0020664487412929626, 0.0020637383877636457, 5.999715820375597E-4, 0.0020262153588778654, 0.0016540279888153826, 0.001484119548009822, 0.016917814816880795]
[0.4016455848419496, 0.11307076304328827, 0.10952293215819725, 0.0432843386146235, 0.04190414373367508, 0.03519949252922944, 0.028836823383274524, 0.027912171646115414, 0.03211628472574918, 0.02421228779933302, 0.02237509943121037, 0.01980159814517253, 0.01889261789060341, 0.0167375973196968, 0.010314010872844127, 0.010164777712961847, 0.0032575703079043457, 0.0038434812218413883, 0.002688664068773985, 0.0019173492575912953, 6.50359429810308E-4, 0.0011976948817998005, 0.002238052994470979, 0.00182343955104521, 0.002134945519033251, 0.0021473813886068523, 5.872664290287404E-4, 0.0020229732943060157, 0.0016380052911072855, 0.0014421096209683024, 0.01642018289575407]
[0.4090831510901222, 0.11262799580523934, 0.10891752252423227, 0.04078886714809906, 0.039977479377693595, 0.03432112472606704, 0.0292669693006299, 0.027875177462016336, 0.031925865897822404, 0.024589880901155953, 0.021689689771399605, 0.019571092661969467, 0.019231553750633356, 0.016472715178235266, 0.010182894299306276, 0.009554849058890078, 0.0031366389212664505, 0.0037255804308317163, 0.002591818767604596, 0.0018126620144603795, 6.489235479878242E-4, 0.001196534224965865, 0.002236367302145143, 0.0017853152807639607, 0.0020601311718596166, 0.002079859168702827, 5.936830029935174E-4, 0.00207731899597874, 0.0016375588778108218, 0.0014658811859400024, 0.016874898153176596]
[0.4044585431781426, 0.11395817591494384, 0.10984096000227844, 0.04247663428426505, 0.041036895781956094, 0.034655473513393535, 0.028588663854170845, 0.029030465639447663, 0.03145162504479928, 0.024096151133581486, 0.02178752841715259, 0.019488671583265116, 0.019234772688853426, 0.01695113161286828, 0.010330140733142087, 0.009810295095730876, 0.0031553161579342673, 0.0038065813432299023, 0.002612367598941079, 0.0018943922899557456, 6.491534051395807E-4, 0.0012080829203736905, 0.002152765930896605, 0.0017519084181940507, 0.002007606996508821, 0.0020351306602929197, 5.883848326896531E-4, 0.0020922977571429403, 0.0015749191674604656, 0.0015129997818378997, 0.015761964261410473]
[0.4035777492199272, 0.11463306936254533, 0.10896931154484057, 0.04189224719853702, 0.04178951941696469, 0.03603878805458465, 0.029860383447991863, 0.02771943422062288, 0.03189086368368634, 0.024501446974511787, 0.022967888809925955, 0.019387918765831978, 0.019016689487406577, 0.01610857278852419, 0.010164739855046465, 0.009875292574100974, 0.00322523661431181, 0.003947701413725551, 0.002697399482077812, 0.0018774232207403529, 6.625480373196733E-4, 0.0012087557375192652, 0.0022494817683108782, 0.0018154825661961635, 0.002053269782556141, 0.0020149713608481378, 6.073658433809918E-4, 0.002042818355289388, 0.0016292789379400805, 0.0014466424735641555, 0.01412770900117759]
[0.40175183711942003, 0.11518474245386066, 0.1095029118084868, 0.04250452634612569, 0.04200091972802094, 0.034995700209560936, 0.028999445289396797, 0.02794774698177042, 0.03132083603636598, 0.02369268948534128, 0.02181612303352505, 0.020426836558753225, 0.01899166523085925, 0.016425731186854375, 0.010613779413763019, 0.010100023231157322, 0.003312545625552045, 0.00386930215988601, 0.0027217293048487612, 0.001862783237242214, 6.839698506588512E-4, 0.0011614011536008706, 0.002245973259982203, 0.0017760798217563924, 0.00206432327571153, 0.002032930550636502, 6.065779774776982E-4, 0.0020597981296275056, 0.001610379239194705, 0.0014457440378955954, 0.01627094826270146]
[0.3985563157582495, 0.11059606062037039, 0.11424633108183023, 0.04303334000567973, 0.041966277013323484, 0.035042004793800624, 0.02927129067823566, 0.028839889495592054, 0.032208610820102186, 0.024258398593043018, 0.02259300409987408, 0.020064120540032156, 0.018912085319380403, 0.017065827543452403, 0.010502017004172273, 0.009944678061858121, 0.003292050389429915, 0.003902702420892798, 0.002708712920105079, 0.0018449160816766852, 6.663032485677579E-4, 0.001164332440498182, 0.0021807640788467026, 0.0017367531149701798, 0.002086464354880322, 0.0020282123173877495, 5.868600098455682E-4, 0.002139398880999523, 0.0016628886381365665, 0.0014396461809096483, 0.015459743493838067]
[0.4099446771267548, 0.11056273493559904, 0.11198573208459947, 0.042021905111477534, 0.041232737419241425, 0.03473916547838967, 0.029872480870074863, 0.02809192521880356, 0.03074216234983442, 0.02371214425162486, 0.02221424787516847, 0.019786264440902316, 0.018517016734801526, 0.016857519563250014, 0.010483776065833684, 0.009794158169812729, 0.0032906282026508586, 0.00381651879309062, 0.0025283380545281535, 0.0017671905635351117, 6.731851172305911E-4, 0.0011808433162924957, 0.0022221805493844848, 0.0017892701163215884, 0.002018225776934575, 0.002062971469974844, 5.8342526515272E-4, 0.002036887864328409, 0.00160688737982744, 0.001424685119984138, 0.012440114714568783]
[0.4057896400184099, 0.11535559957200008, 0.10769470602445824, 0.04265994609869669, 0.04141620331392838, 0.03485344938686198, 0.029958226598640704, 0.029111144772653655, 0.030674058663482173, 0.024649749180250317, 0.022028639975100593, 0.01982429795456632, 0.01867966823458898, 0.016892043938768718, 0.01019166980952298, 0.009701864413316238, 0.0031682247137254193, 0.0039276339986570865, 0.002641110091740538, 0.0018807874216396532, 6.779301527062981E-4, 0.0011833100232172666, 0.002231870725949131, 0.0017762267654671624, 0.002077265316955674, 0.002042898251349564, 6.055082202114044E-4, 0.0020168113834684175, 0.0015858886476458568, 0.001507115680071368, 0.013196510651936477]
[0.4085564731323523, 0.11478532237594286, 0.10988148640789369, 0.0410330572960405, 0.03971383998342235, 0.034997282176333064, 0.030020326001854523, 0.028978472675506295, 0.030809053468393164, 0.024283086189316568, 0.022624650169712535, 0.02001515771601082, 0.018393308258358637, 0.016092395670730893, 0.010086480848272092, 0.009776654329857132, 0.0031410832697767854, 0.0038093112990378666, 0.002628888188477699, 0.0018072346275013699, 6.44754761392206E-4, 0.001128698594868252, 0.0021464433671067092, 0.0017686149290899187, 0.0020681063046791804, 0.0020631455225133682, 5.973235859074229E-4, 0.0019985680339493815, 0.0015848178896679188, 0.001493072070782909, 0.013072890855240642]
[0.40520442308163657, 0.11012928713804065, 0.11133487074879504, 0.040865767168769676, 0.04018856644954606, 0.03602392330374327, 0.030361957769968567, 0.028988746035993992, 0.03181308849366089, 0.023988429602513087, 0.022341902072250806, 0.019511314056042964, 0.01925556401410378, 0.016479467179947208, 0.0105240005737166, 0.010008323063029973, 0.0032246949414299862, 0.00381617223921353, 0.0026184089801253876, 0.0018148421323774398, 6.725724649901569E-4, 0.0011692788151039422, 0.00219878518000139, 0.0017519103969705564, 0.0020367662879154274, 0.0020261966073879035, 6.046087968025508E-4, 0.002050565476444965, 0.001621702600811738, 0.0014926551988697335, 0.01588120912979206]
[0.3930657618072824, 0.11732629054914193, 0.1118454666914305, 0.04295580688961999, 0.04225573103552911, 0.03495371367534205, 0.03006295233559762, 0.029147990743137793, 0.03210011860670079, 0.024688102461546697, 0.022871920793724524, 0.01947578395844774, 0.019423257431280115, 0.01637960786237502, 0.010316980579320659, 0.010123875092003543, 0.0033241389520076983, 0.0037970087041228296, 0.002640182666073365, 0.0018754851573487747, 6.5601542393877E-4, 0.001193257683004981, 0.002234644268727508, 0.0017288547351775828, 0.0020200787230237596, 0.002060861080050741, 5.885135293255994E-4, 0.002149600129019777, 0.0016295287830784587, 0.0015298482683704818, 0.015578621384277055]
[0.4024960867581827, 0.11131981952660173, 0.11078436687207098, 0.04221739727525528, 0.04010363542547743, 0.03542030407302619, 0.030373655423543196, 0.028992889397035412, 0.03125923640144724, 0.0239297218201792, 0.022049253527819133, 0.01943114066297233, 0.019451805773285435, 0.01686952041257044, 0.010177688770363739, 0.009714378202580165, 0.0032237143588502927, 0.0038251540735132466, 0.0027188137902213185, 0.0018236046111746475, 6.703395893084029E-4, 0.0011626591026454467, 0.002222857900605835, 0.0017953085328402054, 0.0020860854418527836, 0.0020785910265808476, 5.848886707627492E-4, 0.0021506720729348983, 0.0016810920798961283, 0.0015270284326874598, 0.01785828999369692]
[0.4000428481848791, 0.1116103193598561, 0.1138293315434032, 0.04176851907445125, 0.04038282211440689, 0.034943443229352694, 0.029694957950628525, 0.028384573930828216, 0.03272514844474062, 0.02426868486924118, 0.022591876256468257, 0.019740325829209437, 0.019256857546078702, 0.016395524914037785, 0.010415195350876675, 0.00982005873592598, 0.0033673262191199448, 0.0037862674513656877, 0.0027150400467640585, 0.001902465502392694, 6.691731318565356E-4, 0.0011845974116922546, 0.0022126805475190916, 0.0017333555307074363, 0.0020293731620349173, 0.002108852979960801, 6.068133669299725E-4, 0.00209175868336622, 0.001654986955232439, 0.0014690337537372777, 0.016597787922947384]
[0.40294024406432893, 0.11477052294461618, 0.11057980015282456, 0.041786375067442275, 0.04012797238297049, 0.03411348647921938, 0.02881871784798918, 0.02801683715645371, 0.03132077643734088, 0.023818747078139385, 0.02231412418377464, 0.019680133037021534, 0.018581354659605587, 0.01630466795913308, 0.01020162904305916, 0.01012640106023865, 0.003198807650733252, 0.003897614479594871, 0.002606920623323131, 0.001817767178878023, 6.624805169099212E-4, 0.0011622904987379319, 0.002210861855627649, 0.0017778014693960622, 0.0020958574978953426, 0.002091012408004468, 5.895933230660516E-4, 0.0021100796594415764, 0.00158575990033111, 0.0014912595299158052, 0.019200103853978353]
[0.3993621178852617, 0.11290157603636884, 0.11082532304728704, 0.043282976678141606, 0.04109208675877612, 0.035180645703422025, 0.029288227171031054, 0.029042761817002577, 0.03150597861874236, 0.02444981219713345, 0.022662457396280294, 0.0196472254100764, 0.01905531575731498, 0.016786806626836376, 0.010498601792841324, 0.010119918312225385, 0.0032641695681527995, 0.003774513615735566, 0.0026060646373008704, 0.0018100655707683428, 6.821894562029483E-4, 0.0012188583375377091, 0.002219979174694851, 0.001786422564644171, 0.0021041829250420187, 0.0020350315740823148, 5.77357282975405E-4, 0.0020861833033505744, 0.0016710732432310943, 0.0014829440255940659, 0.016979133511947866]
[0.4043194622444874, 0.11597973055943182, 0.10799324890490442, 0.04240304987407985, 0.04050021894133061, 0.03519670460707813, 0.03038254414645123, 0.02897963075703927, 0.03106025159437804, 0.02433362984146998, 0.021671273800427347, 0.020314023195831157, 0.019178109255532573, 0.016509232073613808, 0.01058771712481278, 0.010021416119040758, 0.003181097673736078, 0.0037257462193400846, 0.0026657439820036016, 0.001867771944045231, 6.841339761545493E-4, 0.001219625971509599, 0.0022638905529523824, 0.0018025411508290263, 0.002088326375864883, 0.0021125446464985214, 5.777413602422873E-4, 0.0020864175405496334, 0.0016335129074867053, 0.0014303159430345573, 0.013230346715881542]
[0.4033416765440422, 0.11334785117667727, 0.1137131013351505, 0.043032242623113184, 0.039807506057071645, 0.03568025666517172, 0.028934802882797414, 0.028998282562751037, 0.030604611838108142, 0.024408032322511777, 0.02172838968709315, 0.01985970725413291, 0.01862901757818246, 0.01615073844698804, 0.010196536818059368, 0.009980137693133622, 0.00322696010111404, 0.003864186757478079, 0.002647193862929421, 0.0017665610744731042, 6.673492942534694E-4, 0.0011776346684804718, 0.002220797104434063, 0.0017469732068305607, 0.0020074409889345164, 0.002028255159536933, 5.718173620842689E-4, 0.0020480332496558306, 0.0016015726859173918, 0.0014206476437565905, 0.014591685355116747]]
 
>>>>>>>>>>FINAL LOG IS>>>>>>
[
0.0 ,
-46535.51154847143 ,
-30838.090304055153 ,
-30838.09004343519 ,
-30838.089781909992 ,
-30838.089519009223 ,
-30838.08925427712 ,
-30838.08898724887 ,
-30838.08871745916 ,
-30838.088444444133 ,
-30838.088167742135 ,
-30838.087886874666 ,
-30838.087601371524 ,
-30838.087310750812 ,
-30838.087014527715 ,
-30838.086712206128 ,
-30838.08640328747 ,
-30838.086087258213 ,
-30838.08576359764 ,
-30838.08543177288 ,
-30838.085091243862 ,
-30838.084741449864 ,
-30838.08438181469 ,
-30838.08401175935 ,
-30838.083630671357 ,
-30838.08323792994 ,
-30838.082832895423 ,
-30838.082414902092 ,
-30838.08198327063 ,
-30838.08153728913 ,
-30838.08107622911 ,
]
TESTING AFTER TRAINING: 

>>>>>>>>>>FINAL PI IS>>>>>>
[0.024336179031956343 ][0.03018118378233823 ][0.022920460739380866 ][0.06434190167780722 ][0.06447813626437515 ][0.041398893574883584 ][0.013233396315000227 ][0.024995729671097026 ][0.03317035458105596 ][0.029657335309112545 ][0.02601182343211148 ][0.032097908402641685 ][0.02315760872458913 ][0.020526958781728347 ][0.031001916003278323 ][0.02794243810429732 ][0.021319289956703666 ][0.019486142334265828 ][0.04985772446598387 ][0.07274981798972134 ][0.01799457074686253 ][0.041176647428641244 ][0.04200294162236743 ][0.018702182461209794 ][0.027980867997841802 ][0.04854727570098583 ][0.028112326360647377 ][0.022769113378615036 ][0.017980256795481205 ][0.06186861836501966 ] 
 
>>>>>>>>>>FINAL A IS>>>>>>
[[0.03286698077847943, 0.03377275149503967, 0.03344618350675363, 0.032613803517181184, 0.03365969116616262, 0.03284364700584885, 0.03422389100090369, 0.033815393821726006, 0.03314315025752194, 0.03272339113698729, 0.0340801616130339, 0.033155081783354544, 0.033050882566925774, 0.03318666167505443, 0.03357033965555995, 0.03290863962193151, 0.03272152123967114, 0.033950583065298585, 0.03405258523388452, 0.03334061022242164, 0.03409978652787675, 0.03346197808915707, 0.03317256488155861, 0.03398117773723483, 0.03257737977312549, 0.03401353717353888, 0.03386896608058245, 0.03274523280766448, 0.03284232796538692, 0.03211109860013877]
[0.03261455521639048, 0.03225666414109319, 0.03338386173722634, 0.03382893277207043, 0.033268836855533716, 0.03364002663518225, 0.03321797960709779, 0.03274637423574237, 0.03290789606637241, 0.03397752660824834, 0.0337220327489477, 0.0328330457300917, 0.03324475593730285, 0.0334477900524075, 0.03327971551419447, 0.03283770546679346, 0.033777759942923105, 0.03373048639623133, 0.03361268666271674, 0.033326939133510716, 0.033193182614923517, 0.03268362110522217, 0.034429169673666014, 0.03259324163218404, 0.03291587194131112, 0.032452031081873806, 0.03340744867561533, 0.0324127113135551, 0.03383999506245862, 0.03641715543910702]
[0.03366321592266608, 0.03306132820414075, 0.03388198652540148, 0.03321052649146261, 0.03417006293218144, 0.03427970969442079, 0.03324009123169562, 0.033140210625234215, 0.0337553487817394, 0.033585202638596344, 0.034112855917524845, 0.03412102766245063, 0.03311378374954844, 0.03397052200004263, 0.03378205386577966, 0.03313851432977914, 0.034335719244374945, 0.032988464080576416, 0.0337204365514845, 0.034324777198347124, 0.03442197054771961, 0.033267692894424696, 0.03317412382530381, 0.03353473860588191, 0.03316585302303145, 0.03343390982736024, 0.033968813105367174, 0.032629644582747114, 0.03400717896253095, 0.024800236978174038]
[0.03262407979538971, 0.032357930967947195, 0.03344847697182108, 0.033120961862301034, 0.03447325442551363, 0.03396853707380296, 0.0335968160945305, 0.03397362900637116, 0.03267479400000341, 0.03362573130373423, 0.03359856397021199, 0.033467714452678994, 0.033805590911057386, 0.03221491812179867, 0.03250499802883492, 0.03319107777611499, 0.03282634968114695, 0.033404640112820246, 0.03251658286724757, 0.03399741160901439, 0.032573638191082395, 0.03489387427762742, 0.03320328678569434, 0.032800943766724926, 0.032257349714247034, 0.03223255803049106, 0.03365472242686705, 0.03239841035765689, 0.03357791565246207, 0.0370152417648188]
[0.032513301308930855, 0.033045465256593236, 0.034558494466067693, 0.03335575474758694, 0.033798665908295146, 0.033499639493434624, 0.03338561981047175, 0.032899371465989195, 0.033800013570937565, 0.033885000836932494, 0.032335415588894446, 0.03267280046799177, 0.03260559300132926, 0.0327027949971038, 0.03437927668627103, 0.03368665453754371, 0.03404728201403472, 0.03249015582151872, 0.033824795991346704, 0.03402561081123661, 0.03438734478736774, 0.033415788267445755, 0.03432376570411396, 0.03253665605139727, 0.03394747483687216, 0.03401746873800779, 0.03253767184102526, 0.03311658736080826, 0.03291443038128607, 0.031291105249160296]
[0.0338389675892644, 0.03241039453606999, 0.034327418263145094, 0.033092865873902665, 0.03389814966990747, 0.034423382559889, 0.033735163915412016, 0.03246998785599288, 0.03341808791608967, 0.03222899012430827, 0.03348286907642702, 0.03299914890980528, 0.03219210045003703, 0.0329268521337608, 0.03254430578077338, 0.034293324550773774, 0.03282329598895824, 0.03257383596683884, 0.03273672406636883, 0.03310117160104547, 0.034492544833707735, 0.03470386171642325, 0.033643605822932916, 0.032480326950109564, 0.032879556193424614, 0.032146163367642706, 0.03284366003371216, 0.03319008750897506, 0.03436568391726755, 0.03573747282702753]
[0.032442770414048624, 0.03332298331665098, 0.03343239279853679, 0.034001023797685215, 0.03377660310968785, 0.03283994949573328, 0.033370079839560064, 0.03221698612088691, 0.033985367643161964, 0.0322444554122455, 0.032848629516952624, 0.03315080609529505, 0.0331283416835566, 0.033664089987257645, 0.03266211215893608, 0.03369540716774489, 0.03369781878031984, 0.03395324795117518, 0.03310439142402642, 0.03283171297976037, 0.0329756258823888, 0.03417583505957754, 0.03335487930104462, 0.03395235398382583, 0.03379766674002994, 0.033224092192117506, 0.03235052587833504, 0.033652665869654805, 0.03410621030784364, 0.0340409750919489]
[0.033644270573596376, 0.033562721331340924, 0.03259085585264561, 0.03399049157438547, 0.032758448363044326, 0.03274902981371153, 0.03382199633927052, 0.032410455647175235, 0.03290295517011963, 0.03348155689966965, 0.033362889574050404, 0.03293444082627176, 0.033944291338454176, 0.033270001705827584, 0.032876610602662594, 0.033246844886951864, 0.0330303389928655, 0.0340747375546882, 0.03365278716207952, 0.034519664816932694, 0.03371895435762667, 0.03289945702501333, 0.033722230439236035, 0.0329857671848324, 0.03252493197116502, 0.0336041329800434, 0.032553150507105694, 0.03285791539318301, 0.03259882624078881, 0.03570924487526065]
[0.03390104415329845, 0.034110638253588926, 0.03442412626163366, 0.03356216955910884, 0.03433400307566043, 0.03279864902144338, 0.03254164107812072, 0.03283998265601652, 0.03294491965417979, 0.03326866696101667, 0.032147559821737594, 0.03425722003126795, 0.0340584174943577, 0.03214148229768628, 0.033252346363516816, 0.03361471312187605, 0.03399104861248886, 0.032618821811331716, 0.033749899370362026, 0.03377820548732213, 0.03393302814243199, 0.033476025181634304, 0.033348819270978686, 0.03391139012338628, 0.03363793557870991, 0.03318383446135353, 0.03234776226974489, 0.032378248818514255, 0.03255393538259999, 0.03289346568462055]
[0.033971056454084235, 0.033203298595946604, 0.03411101324573312, 0.03265402070797656, 0.03317644123788262, 0.033149172678893876, 0.032788376184123745, 0.033795450556538965, 0.03370065632978468, 0.033608944447834695, 0.03367307405297634, 0.03306514287875444, 0.03260359016061682, 0.03391476965639468, 0.032567499066723196, 0.03442009856817796, 0.032989145874328614, 0.03312960739819998, 0.03308244508754542, 0.03318356579440062, 0.033062168763317856, 0.033170161691496385, 0.03354450599413251, 0.03308654702712874, 0.034090985357172796, 0.03404979230923581, 0.03363289412712268, 0.03214559000246773, 0.03432851281461625, 0.03210147293638845]
[0.03382038914569399, 0.03330079312498128, 0.033453983635892415, 0.033942179514960896, 0.03410325285542504, 0.032867525894768525, 0.033305933357341055, 0.033334563841890444, 0.033513580931381, 0.03286968163011164, 0.033734821075983586, 0.03380295799303804, 0.0330640277184433, 0.03359810099920831, 0.03318638479002068, 0.03291965758459102, 0.03277438606180792, 0.03263639642046917, 0.0332588854391198, 0.0324915109440614, 0.03301370589160607, 0.03300866926769486, 0.03397041973391559, 0.03336700056194232, 0.03441717584525603, 0.03333231341315417, 0.033595986237829, 0.03259672154321412, 0.033938446179897754, 0.03278054836630368]
[0.03354183852243245, 0.03300407721140088, 0.033549310944988246, 0.03330648743337758, 0.03260775446457596, 0.03258987286510317, 0.034085551603306945, 0.03260441299865094, 0.03223601276130781, 0.03239122126567822, 0.03389192903863102, 0.03279242402787292, 0.03393199032901883, 0.032198674287681195, 0.03431237108059381, 0.03309511545591053, 0.033379918355562206, 0.03402610193488856, 0.03375974369935921, 0.03369621655025732, 0.03303650575371795, 0.03480860753922602, 0.03307922742941522, 0.033872742276204106, 0.03336820341410927, 0.03305883332606649, 0.032278124008814156, 0.03360140472859251, 0.03321622111379934, 0.03467910557945816]
[0.03225757577639725, 0.032911659799098526, 0.034652413719757476, 0.033445474990870076, 0.034457465436737264, 0.03238414838518771, 0.03390587244250269, 0.032135468091656086, 0.03217959850495833, 0.032888985984640115, 0.03356439012184637, 0.034228890498570294, 0.033818264595671006, 0.03333929295525472, 0.033663046231615944, 0.03428233103198863, 0.03344960125287224, 0.032596813481001116, 0.03235394270868692, 0.03337588198514038, 0.03236226031826961, 0.03434322250265132, 0.03336071075528763, 0.03378172614335687, 0.03261459383509074, 0.03320098843875792, 0.03317206632694042, 0.03275014153795457, 0.033022591766764864, 0.03550058038047273]
[0.03231074336589327, 0.03270386932981062, 0.0331950082819241, 0.033167164117799304, 0.034002690976227185, 0.0342463605972197, 0.033996539446120355, 0.03405643835699904, 0.0324576800132721, 0.033146934857256796, 0.03241235529281897, 0.033150922664893785, 0.03344279883038237, 0.03288658384383394, 0.033994360406811766, 0.03405430506485465, 0.03286351116674703, 0.03419619333818697, 0.03266608458178666, 0.032831044366190554, 0.032422645620925485, 0.034626249411506146, 0.034024116455742034, 0.03398354739913849, 0.03334638019742055, 0.03282271712101357, 0.034229357734405864, 0.032232471230766745, 0.03234054753664849, 0.03419037839338924]
[0.03298523116776559, 0.03251918668513869, 0.033162067510181886, 0.033291067472290235, 0.0328618349216427, 0.0333579646926406, 0.033757602399370874, 0.03217441890085114, 0.033826095453316586, 0.03368977759116227, 0.03445407369516211, 0.03429671393637406, 0.03416834960565731, 0.03322596323070657, 0.034537749467197496, 0.03412962624800168, 0.032691364497358814, 0.03427759850514783, 0.03259762596913119, 0.03324013091885051, 0.033902801271861426, 0.03358251191217072, 0.03301986742003189, 0.03295279792383015, 0.033396352213924445, 0.03221658798477257, 0.03446555402709856, 0.03334039380766105, 0.0339810785392296, 0.02989761203146586]
[0.03203867242494811, 0.03351690794242085, 0.034446670171964046, 0.033016629090504665, 0.034457014953800595, 0.034345587892845766, 0.033440709221406885, 0.032768792061498804, 0.03369177497245927, 0.03224120978364932, 0.033867862546376484, 0.03263889353167735, 0.03352488368612565, 0.03308234417214975, 0.03430941680109343, 0.034213167724168894, 0.03347636358726734, 0.03399133542128599, 0.03299598714075396, 0.0328066819953217, 0.03419683987632785, 0.03355407200596717, 0.034253076120680605, 0.033359487558550484, 0.03319970112458169, 0.033821986122406826, 0.03264155088610392, 0.033410100407030095, 0.03263074225422463, 0.03006153852240846]
[0.03365592665724306, 0.03333027397405126, 0.034474366484969425, 0.03318951565868952, 0.03304427779245801, 0.03391608997587586, 0.03426101611167417, 0.0337897816123905, 0.0322846091209852, 0.0335127152615112, 0.0333830646938821, 0.033057704915645574, 0.03366483066721831, 0.033915705640537974, 0.03290668843721747, 0.03267582899594549, 0.033865295495828895, 0.03362242653345352, 0.03367312398659732, 0.033459831068460545, 0.033184364538567886, 0.03324059868472242, 0.03415026922990772, 0.03339879980532707, 0.03390147443859749, 0.03305799807727629, 0.033129820909553215, 0.03232515945675479, 0.03330338248476375, 0.030625059289902622]
[0.032251004601769065, 0.03357825773473964, 0.03401777244031194, 0.033037226581304174, 0.03421713774096635, 0.033935141285095255, 0.03429636643967367, 0.03374617201098391, 0.03374871308075753, 0.032316504078297746, 0.03315893844415062, 0.03344279429410719, 0.03267297462484151, 0.03293433419604456, 0.033633995167195646, 0.03352365749569245, 0.03296739682946323, 0.03359023949350637, 0.03277893296724927, 0.03320781591642819, 0.03309781422796768, 0.03273317438423282, 0.032500477496225, 0.03339576980686582, 0.034121651497133136, 0.03365697955767217, 0.033723678024800134, 0.032938689598932, 0.0336451051391367, 0.03313128484445655]
[0.032193575535069005, 0.03299060335676354, 0.03440233504529251, 0.03258472479531213, 0.03359017804812287, 0.03387745534169451, 0.033074771312488094, 0.032247565332899054, 0.032579072883276446, 0.032173336324849824, 0.03329350673980399, 0.03424391381865275, 0.03274308991959104, 0.03241280623338187, 0.033390688668037224, 0.03450100637017455, 0.03313212102432031, 0.03325235645552911, 0.032976467202391745, 0.033024603781820275, 0.032481926985794024, 0.034640111781752976, 0.03376277136392838, 0.033600206575141796, 0.03381188769547667, 0.03277609303254817, 0.03266043618556626, 0.03360964570650849, 0.03418711592519658, 0.03578562655863159]
[0.032557749132140566, 0.033269128083682306, 0.033997252106868825, 0.0337304414887058, 0.03279291446698511, 0.033754840681320154, 0.033659568776486584, 0.032764038557811404, 0.03386784509884256, 0.03335595926323069, 0.03282832763843127, 0.034606494827748295, 0.03246486945587521, 0.03268708866205307, 0.03293225264068787, 0.032635451172515484, 0.03334414294762567, 0.03294431764287898, 0.03213824689878832, 0.033708892850734494, 0.03388644374571361, 0.03475503615375599, 0.033607767376331525, 0.03275133717250822, 0.03304888557513811, 0.033339196985683175, 0.03207218110355798, 0.032157129916164685, 0.033274223968999005, 0.03706797560873762]
[0.032984581080463496, 0.03279932710746522, 0.0327601351919121, 0.034230228420892905, 0.03370345496108596, 0.03445661432137031, 0.03321993328566329, 0.032587070165865865, 0.03233913455054951, 0.033263590539758296, 0.032445703529011716, 0.03329032372331738, 0.03374014973543852, 0.033406420598749986, 0.03283493444277465, 0.032978697932957546, 0.03327284481834487, 0.03416201866803967, 0.032640106196846534, 0.03491426847806965, 0.03298766868739468, 0.034507628612003856, 0.03259556055827412, 0.03409686997004923, 0.03321159002588974, 0.03230859543393262, 0.03405487465271041, 0.03318772670025042, 0.03256305469263782, 0.03445689291828733]
[0.03231177694318307, 0.03388873209900409, 0.03376488348161643, 0.03393130853691811, 0.03335354951526183, 0.03318994810797649, 0.03248230056701536, 0.032331970255772384, 0.03319334474166196, 0.03280021961496937, 0.03291815782423824, 0.03304408838572089, 0.033469490457827746, 0.033870359349117724, 0.03423856455891563, 0.033567149489095775, 0.033625975281133355, 0.03284998104522442, 0.032844682417807886, 0.03319870760363373, 0.03318157977016315, 0.03341316518142709, 0.03241205393123345, 0.0326909059337123, 0.0329926785808074, 0.03350942937308445, 0.03411429831257237, 0.032013540223944946, 0.03288765036917414, 0.037909508047792764]
[0.03334003959283131, 0.03328045383153172, 0.03283682881490205, 0.034014760794565196, 0.033204819200898274, 0.03371455354167725, 0.03250730034231006, 0.03321224545878971, 0.03235081519496779, 0.033760066387245644, 0.03245267480184695, 0.033821098627404275, 0.033911985737227146, 0.03381224354943222, 0.03384097291237039, 0.03374642700182965, 0.034245303935797444, 0.03294165359507961, 0.033568903741601305, 0.034337224725150856, 0.03307162282532252, 0.03452347958219132, 0.03307223437734019, 0.03348178190492338, 0.033211451493486296, 0.03253818650096892, 0.03255906204590721, 0.03226175169729587, 0.03281285377413187, 0.03356720401098037]
[0.03346443172580098, 0.03217956813615126, 0.03294005920118947, 0.03424171834337303, 0.03389843453771977, 0.034199721565013184, 0.03263357079434853, 0.0324620294288019, 0.03398361636358283, 0.033564464856460544, 0.033179783252760484, 0.03269931167416303, 0.03363086740433074, 0.03282709062396078, 0.03320256270246406, 0.034304219457003224, 0.03263863926468526, 0.033692612435213834, 0.033693904910119116, 0.033854399421953486, 0.03436020789345592, 0.03387485690702673, 0.03416689815950981, 0.0323976408523353, 0.03397025823182201, 0.0323109361874783, 0.03394993062806484, 0.03294454871760699, 0.0337544722866371, 0.030979244036964986]
[0.0329887528058544, 0.03252765946383821, 0.034339116132156094, 0.03364821767670498, 0.03320984486779641, 0.0324267531627523, 0.032370076214514557, 0.03252680503798641, 0.03320879761341141, 0.032795873389493434, 0.034589569281582355, 0.03297911889052644, 0.03352135176922853, 0.032244674659344066, 0.0345269600740624, 0.03273192183204659, 0.03323297778800844, 0.03289886116591076, 0.03364734010608233, 0.03412583298734005, 0.032951464470012896, 0.03372312241401508, 0.032900456885211544, 0.033793017382855395, 0.03288065226703883, 0.032557130711762194, 0.034656404203471505, 0.0330953879210756, 0.033185444172451874, 0.035716414653471744]
[0.03264856248744736, 0.0328704810513627, 0.03319386914741825, 0.033522950489339176, 0.0335441132870435, 0.03397257503708462, 0.032741093388759024, 0.032175288981751406, 0.03257055483355124, 0.03351779772993692, 0.03263210279354947, 0.03421777474272566, 0.03407017527359227, 0.03400396631606796, 0.03340238508246641, 0.03298588376391294, 0.03384802276964258, 0.033391714646151045, 0.03274289106837248, 0.034089912629642116, 0.032846761252753785, 0.034475021237246106, 0.033909344303734636, 0.03269854218867461, 0.034186636383710334, 0.033795246621955155, 0.033038664774381395, 0.03229818712208415, 0.03419689034763926, 0.03241259024799461]
[0.03189813564861521, 0.033475219207333526, 0.034598400759295656, 0.03227949609689087, 0.0345323136126189, 0.03333575719051071, 0.03239626258317691, 0.03235016971614825, 0.033134151935230116, 0.03319207894030236, 0.0343466764733407, 0.03239550143551974, 0.03310799848907378, 0.03347160548701323, 0.03283075169246933, 0.03370945025988982, 0.03249432226966729, 0.034110917987618096, 0.034114687207972325, 0.032688990682506795, 0.03281249310228403, 0.03258344233239879, 0.03388630634240723, 0.03224912259336498, 0.03393445088879008, 0.03410135128309519, 0.03419276790379929, 0.034302355741035045, 0.03257035872624517, 0.03490446341138827]
[0.032528687634160044, 0.03393035819083156, 0.03322057397887716, 0.033433022620091665, 0.03334873186758313, 0.03258603777301588, 0.03305792378400045, 0.0335541986117998, 0.03311483841633448, 0.03223862148755457, 0.034122666130989056, 0.03356302405490341, 0.0336531615479551, 0.03379498583811733, 0.03273405529662111, 0.03385646659796142, 0.03353216243544585, 0.03263057066520277, 0.032809777170621675, 0.032805341171991305, 0.032699615738234655, 0.03440829022343611, 0.03274887531674157, 0.03306578108648177, 0.03249885336031059, 0.033312636343062196, 0.033294381485000524, 0.032291954951333385, 0.03410108059846386, 0.037063325622882254]
[0.03238594225972932, 0.033968242863871914, 0.03339819777874308, 0.033863282233869585, 0.03449326448503068, 0.03444624298749257, 0.03415232838618225, 0.03256426304152854, 0.032430413502324826, 0.03230411839955324, 0.03307118587387931, 0.033990480116537256, 0.032283629814134164, 0.03348085325402572, 0.03394867744152357, 0.0342807686566833, 0.033539047196554275, 0.03336666537899491, 0.03277447856940888, 0.033393796794248004, 0.03395689686215794, 0.03411982694442195, 0.03429929016082143, 0.03388524114533211, 0.03374376912107718, 0.03361180126824183, 0.03243446366389252, 0.03254256250706008, 0.03299001200840788, 0.0302802572842722]
[0.03263869820971549, 0.03366991620810995, 0.033540905525844225, 0.03248931326844014, 0.03464944388966759, 0.03344417015158198, 0.03340384464950275, 0.033737235642193567, 0.0336018334457509, 0.03217357657590033, 0.03333045871346273, 0.03252501416080896, 0.03223680304851448, 0.03295234080258004, 0.03364727276002488, 0.03383138691115509, 0.03260928754267778, 0.032917800130212366, 0.032834042707479055, 0.03373291967137306, 0.03305063531016294, 0.033623407742497766, 0.0324449689279608, 0.0339924272061676, 0.033941750958563346, 0.03397238096336318, 0.03417493314431688, 0.03211463453590676, 0.033196830799900615, 0.03552176639616926]]
 
>>>>>>>>>>FINAL B IS>>>>>>
[[0.3783562399673019, 0.10856084514693869, 0.11041921932278474, 0.04380888397959932, 0.04064961038765566, 0.0326455843205644, 0.02969268157480244, 0.03089699982668288, 0.026052606967256028, 0.024616702282437706, 0.02166626743846659, 0.023241391096414477, 0.01936245054683328, 0.017105709861465177, 0.01131835688478319, 0.011138783664284809, 0.010797255812282799, 0.004784658048936741, 0.0033594735318941728, 0.004077918135599861, 0.0045438702138644324, 0.0035140867653244818, 0.0023125300749463015, 0.0025100949528981315, 0.002180160968757442, 0.002057053614130438, 0.003553234352862312, 0.0018039527952765579, 0.0016150940793539926, 0.0017430126574376355, 0.02161527072816626]
[0.37588786871149715, 0.11165841810505675, 0.11229090616595992, 0.042134831581524666, 0.041847686468269675, 0.03111640800007004, 0.030378316459444162, 0.03134060575400201, 0.025867801994719896, 0.023799418713135692, 0.021782714212014567, 0.021782435692653382, 0.01934991137944646, 0.01725729322993483, 0.011128960460837096, 0.010782307546277818, 0.010284685559945923, 0.004745955644994594, 0.0031806740856688393, 0.00397252290960778, 0.004405067443712454, 0.0032991678429449135, 0.0021865276539125914, 0.0025054301554546673, 0.002191617202077067, 0.00212256855837182, 0.0035258433699434663, 0.0017924413349041785, 0.001589446302247744, 0.0018056092425449025, 0.023986558218819037]
[0.3920181417216233, 0.10781433161677685, 0.10541604630519257, 0.042545509042313315, 0.04028016723350679, 0.03073728379365595, 0.02842152191705475, 0.02982679292086853, 0.025671294753478176, 0.024153498715828014, 0.021571894566120478, 0.02265485083561564, 0.02010138641644078, 0.016831168194728904, 0.011346868462075294, 0.010742284521672887, 0.010495650609980313, 0.004568860913169782, 0.0031910222599593058, 0.004106325950666085, 0.004281641838930794, 0.0035034175834384985, 0.002218873192652306, 0.0024473175466845805, 0.002150851969375172, 0.00205356388752016, 0.003433899406199461, 0.0017138335624077403, 0.0016284059735614134, 0.0017840139461937233, 0.022289280342294385]
[0.3861899372304347, 0.10592281797348975, 0.11262466278245538, 0.04302738793822777, 0.0405746038685179, 0.03228033232166003, 0.029798111233386725, 0.029327819453122014, 0.025776563660539376, 0.023800858363860863, 0.022375928886689274, 0.021534897737521902, 0.019856592623108207, 0.016972216890733464, 0.0107266795027036, 0.010410599175523873, 0.010069574893050303, 0.004628828255537604, 0.0031624125759738735, 0.0041216611608550415, 0.004446465554472092, 0.0032706116086955554, 0.0021962234264291747, 0.0024252394872806707, 0.0021909627217496547, 0.0020268610961368208, 0.003479118843457914, 0.0017869875679200954, 0.0016409031717783118, 0.0017378929863716137, 0.021616247008330154]
[0.3881918845280043, 0.10699330955933006, 0.11117166530033708, 0.04152682036630535, 0.03969579484757564, 0.03161272100878697, 0.029843787717293405, 0.029433532323031128, 0.025679407197128266, 0.023838395042793843, 0.02220627394660216, 0.022355718823366753, 0.019013762305013466, 0.016204743597005862, 0.011258103202299103, 0.010450181492247707, 0.010433353155978662, 0.004783482508950783, 0.0033021774813461985, 0.004000018859463171, 0.004342665209160221, 0.0032937349558033366, 0.002163965702311176, 0.0023624691451140257, 0.002178316971551452, 0.0020647809039774654, 0.0033801718126607646, 0.0017741340893394583, 0.001562066663832375, 0.0017957054272865875, 0.02308685585610197]
[0.3860293662554187, 0.10764729334329538, 0.11040152951525921, 0.04312370890519838, 0.04151998192574155, 0.03085484333061053, 0.029264990523131307, 0.030187174232070343, 0.02668877151774059, 0.02332819178017376, 0.02262114219276912, 0.02166536172956456, 0.01978815641144256, 0.016823473643978158, 0.01069177592560486, 0.010836593754211853, 0.01047965057638584, 0.0047071695406029615, 0.0030923458165790646, 0.004107121079087066, 0.004455825781103691, 0.003389513519742819, 0.0021670543558311092, 0.0023668277067482365, 0.002059562139783954, 0.002120381513846333, 0.003475110814637458, 0.0018051139064781464, 0.00162234283997171, 0.001751356771346974, 0.02092826865163866]
[0.3852636676285321, 0.10891724405832276, 0.10586272065435087, 0.04155822165597001, 0.040282869493098915, 0.032395695930759354, 0.030446581810725022, 0.031200879731588294, 0.026442818043266623, 0.023641787246712384, 0.022502477709989074, 0.02231951132570646, 0.01947176937966407, 0.01719504055107236, 0.0111653109461372, 0.011065514828540577, 0.010377672860072556, 0.004684404966088291, 0.0032277595584915973, 0.004127179351950657, 0.004439100363541503, 0.003343761567487634, 0.0022366097616528854, 0.0024461667873717104, 0.0021236767955286474, 0.0020904412957719457, 0.0033847360474681455, 0.0017341433605484752, 0.0016040866195614555, 0.001776534669092367, 0.022671615000920794]
[0.3785661287600629, 0.11035795339298617, 0.11056374979494145, 0.043556952592551094, 0.03958460498606511, 0.032301295121970754, 0.030486651770171652, 0.031337462367219265, 0.027141382728701705, 0.023580483073694272, 0.021730419891932258, 0.022813624167771853, 0.019555307022621267, 0.01723588616150662, 0.010996161440470529, 0.01109949642178102, 0.010561744745222354, 0.004891773924954815, 0.003228189535634662, 0.004024900344242378, 0.004374979554870004, 0.003488770145504932, 0.0022577687079655896, 0.0023772908281841846, 0.0021487714595304934, 0.0021049366725967, 0.0034213261967675603, 0.001757677334039217, 0.001612407834259038, 0.0018037075763228936, 0.021038195445457087]
[0.3777158095843071, 0.10818952398153159, 0.11196799262835322, 0.04304902102803339, 0.04194316990875307, 0.031380917106491935, 0.029436069743695954, 0.030122198084353707, 0.02651248117709658, 0.024629639007975917, 0.022669096094174036, 0.02290717963925022, 0.01979697046711974, 0.0172832017497415, 0.01131948798916336, 0.010690357985975207, 0.010878444394166211, 0.004806402879236303, 0.003339983531127627, 0.0041815632609331875, 0.004382659128159696, 0.0034689675322007564, 0.0022191290438120966, 0.0024330560999374358, 0.0021916682030995254, 0.0020469663699072146, 0.003401185590386562, 0.001740823543206868, 0.0016792425294709639, 0.0017704825292017595, 0.021846309189127215]
[0.38291538206783926, 0.10739400906138345, 0.10965685452924213, 0.04309000952048228, 0.040650144338802756, 0.031842052237887185, 0.02895499760502121, 0.030033111287498394, 0.027329103573448206, 0.023652792699605206, 0.02225811076961866, 0.02188408006008151, 0.01973081453119057, 0.017218698192179364, 0.011186599598550456, 0.011012262595282391, 0.0102311659620184, 0.004896123339932891, 0.0033612749808358375, 0.004096873922204618, 0.0044577753279108, 0.0034770674884357987, 0.0022793956286457327, 0.0024411873871493916, 0.00208948402873988, 0.0020318259950780205, 0.0033988082204496513, 0.001762576011410421, 0.0016575810345788905, 0.0018299915733328705, 0.023179846431160184]
[0.38259391491983025, 0.10574748924798574, 0.1088604773983234, 0.04186738159453853, 0.0415240263344553, 0.03205267326776469, 0.028682024145558992, 0.029598802244227684, 0.02654036915273555, 0.024286395893969505, 0.021810500389594138, 0.022141088926316388, 0.019647603387631867, 0.016502153230320674, 0.010864443769874296, 0.010667617921937185, 0.010332404820716151, 0.004639436768373653, 0.003351042377792762, 0.004134599220705249, 0.004479191521096272, 0.0033763771580052255, 0.002202101828386869, 0.002387534432760334, 0.002157006435137563, 0.0020572314204937987, 0.003429939649037433, 0.001796734319947836, 0.0015910878532074699, 0.0017401663474042634, 0.0289381840218766]
[0.3832595425409157, 0.11053217953485861, 0.11001603513883954, 0.042297102567007014, 0.0416610996551321, 0.03272528914366562, 0.029032642643225914, 0.030234262563605733, 0.02591974660955553, 0.023083048641512723, 0.022504810303810335, 0.022143903457087902, 0.01945753686569732, 0.016890871589974467, 0.011145295786205522, 0.010841896481199109, 0.010611306787944412, 0.004661528457754818, 0.0033210677094010115, 0.0039707565818770775, 0.0043550438005646105, 0.0033164495200404395, 0.0021563261716943936, 0.00248989251253798, 0.0021309180902174085, 0.00213173828199401, 0.0035610619021018146, 0.0017358171433226556, 0.0016609433507582397, 0.0018089000630636708, 0.020342986104433677]
[0.38520376645542115, 0.10523600593541431, 0.1080781337184981, 0.04267061355800115, 0.04140565565094061, 0.03129486972108744, 0.029008922720555753, 0.031235273271984394, 0.026233977822779805, 0.023843573287622634, 0.022325109354073783, 0.022089655831262732, 0.019302481739534236, 0.01655258383841027, 0.01110460104101619, 0.010837823613478017, 0.010506252058191732, 0.004759967698193267, 0.0032484332681866407, 0.003963360282026821, 0.004442789773887715, 0.0033089388159009132, 0.002186168967463555, 0.002442151418606498, 0.0021419521565756512, 0.002058465351860094, 0.003527474107437003, 0.0017344989828326854, 0.0016531041017547139, 0.001778788864524843, 0.02582460659248013]
[0.3834843370313117, 0.10738522945473797, 0.10794039491913825, 0.04329231006133211, 0.041751937054247276, 0.031944102857415495, 0.028642057609741232, 0.0296982319009635, 0.026785147299692374, 0.02355449634085788, 0.021997306330296198, 0.022092509189451888, 0.01933843584009097, 0.016800529426180988, 0.010895330032589889, 0.011157293444549741, 0.010440859137249084, 0.004733804826909876, 0.0032952508819975787, 0.004229012787111545, 0.004333220340458266, 0.003437800217906252, 0.0022374828337664264, 0.0025070222277726617, 0.002214100013022171, 0.002144746272876492, 0.00345727908926573, 0.0017316792129095625, 0.0016330395228076207, 0.0017293086149899905, 0.025115745228353935]
[0.39081394303693606, 0.10703440595679316, 0.10716479847569772, 0.04077617691351766, 0.039814202990216194, 0.03107287625615623, 0.029010832436016567, 0.02967032841000678, 0.026654550327419358, 0.023940343129120547, 0.021345931177757717, 0.021918427389981288, 0.019741792026831653, 0.016576270992494004, 0.010800649249630359, 0.0105085923566502, 0.010074821052003483, 0.0045883780723279905, 0.003189655559464601, 0.00399085089209794, 0.004319411058533815, 0.003457279318980316, 0.0022404046578872053, 0.0024579075936665964, 0.002136681278875191, 0.0020829672320680343, 0.003500869167183642, 0.001782760209619996, 0.0016341349070234505, 0.0017620538883037688, 0.025937703986734593]
[0.38636656969624195, 0.10824213367349249, 0.10807260827758054, 0.04255475401833813, 0.04088811635518291, 0.03141144992812609, 0.02844908002582525, 0.03092218903593088, 0.02625571083025977, 0.023448604647897754, 0.02142907835447701, 0.02184856053208524, 0.01976585200578461, 0.017044247783042466, 0.010952109234729944, 0.01078081921695072, 0.01013877470130146, 0.004687337689605352, 0.0032120182749613944, 0.004176694913827129, 0.004324486113901592, 0.0034974446471941257, 0.0021523677144424987, 0.0024137381683506554, 0.0020844652433245187, 0.002036370754725937, 0.003469031544213751, 0.0017924323101239047, 0.0015766362230202854, 0.0018174235321396378, 0.02418889455292672]
[0.38559916861991983, 0.10912994392964676, 0.10743661093693066, 0.04202246877172176, 0.04171446789177922, 0.03270077401250638, 0.02969070013873738, 0.029526929226636783, 0.026646397231017437, 0.023864941293984508, 0.02264611491041737, 0.021730674931932207, 0.019558172920083345, 0.016234242179208238, 0.010789215045930438, 0.010869041430335959, 0.010378693957464434, 0.004872460423429767, 0.003302435977677928, 0.004141238042982295, 0.00442079753725843, 0.003492917382727959, 0.0022643179888505237, 0.0025087498029514326, 0.0021306248759771183, 0.0020231790436396357, 0.00357821642549914, 0.00175499397871117, 0.0016296459794798422, 0.0017413542539432576, 0.021600510858628803]
[0.3832621623727486, 0.10921789717552234, 0.10783361215454254, 0.04262312751306218, 0.04186908249264863, 0.03172762049960388, 0.028865936463870093, 0.029728952632900173, 0.026180416266923134, 0.023036290218055495, 0.021456580100158943, 0.022809671123010612, 0.019455617889819695, 0.016502170565837988, 0.011236888809454657, 0.011092302026432207, 0.010622387681497142, 0.004762371210114862, 0.0033292536180004944, 0.004105117533162125, 0.004557574827821208, 0.0033422424420348424, 0.002245816285898394, 0.002443845208118062, 0.002138431620489692, 0.002032553193002699, 0.0035659389402394916, 0.0017648221070326428, 0.001609762556264627, 0.0017353333694833713, 0.024846221102250474]
[0.3820654926387728, 0.10459905630539344, 0.11251846289180811, 0.04299083512353788, 0.04176035067323671, 0.031732695448265874, 0.029067980094614407, 0.030661530090481757, 0.026849992398992363, 0.02354735148351316, 0.02221159916720551, 0.02227729635735458, 0.019256539645941904, 0.01713502735271682, 0.011058944688289588, 0.01087703991949574, 0.01052158991394142, 0.00478598419285693, 0.003302922765737819, 0.00405682082245026, 0.004427248871942696, 0.0033372272378826267, 0.0021788557737211236, 0.0023837841135663624, 0.0021595594969736356, 0.0020257034584648206, 0.0034427711345086107, 0.0018324301980092268, 0.0016603301310975833, 0.0017249162906354044, 0.023549661318613493]
[0.3936672217805605, 0.10504114940548738, 0.1106581363122943, 0.042114812749513904, 0.041125691782556595, 0.03158309321756524, 0.029758428080679255, 0.02988619136605832, 0.025627208565116577, 0.02307022848157085, 0.021885480999997056, 0.02192527857415785, 0.018904876670708982, 0.01693238402286712, 0.011033865946935471, 0.010715083023072414, 0.010502891508954013, 0.004696483359146366, 0.0030494753859163348, 0.003878982739034389, 0.004489195314330539, 0.003378209765142915, 0.002222819258670567, 0.002457055991925191, 0.002083720282855812, 0.0020649703837049035, 0.0034148530336909513, 0.001749312065716951, 0.0016098968374789941, 0.0017108361948608116, 0.01876216689942852]
[0.3878095578707692, 0.10975081622388129, 0.10641129455140053, 0.04285720329147948, 0.041392266760002405, 0.0317278766015011, 0.02991224172585398, 0.031060448435716644, 0.025660535119566393, 0.02401629520975961, 0.02174383683276887, 0.02211695035065759, 0.019152375216214657, 0.017034848668232135, 0.010762217870998738, 0.010648726024431121, 0.010155431632173079, 0.00484350072673849, 0.0032182204478584547, 0.0041483629222225, 0.004526200935047229, 0.003394084094597236, 0.0022408157252612818, 0.0024491738403138175, 0.00215507505291665, 0.0020527524332718985, 0.0035663686958849485, 0.001733384626386045, 0.0015838369645101219, 0.0018144379800737285, 0.020060863169514186]
[0.39158689492425525, 0.10922681294975738, 0.10862787341211362, 0.04113622597070194, 0.039633780966878834, 0.0319083658429632, 0.029975049818503876, 0.030952269599353464, 0.025643030053479565, 0.023669936074888733, 0.022255278919046072, 0.022305984306472997, 0.01876456995821073, 0.0161577324978214, 0.010621631474721251, 0.010731476565294547, 0.01006034781955335, 0.0046936790706960255, 0.0032183755769733206, 0.003970266414318816, 0.004305408024026953, 0.0032281952864365074, 0.0021440547287970607, 0.0024249716808043774, 0.002142866572976859, 0.0020654622034521988, 0.0035183806672638993, 0.0017119445609689956, 0.0015849741697939444, 0.0017912158059691936, 0.019942944083515126]
[0.3875191920822791, 0.1044545440749164, 0.10970506606225265, 0.04097381566853081, 0.040059977598731755, 0.03268904370105273, 0.03024037552400803, 0.030863620718991944, 0.026523881319177506, 0.02330790564034261, 0.021964836446375077, 0.021733697684874126, 0.01972829241390925, 0.016553586951523314, 0.011126411407562622, 0.010957417865972874, 0.010308058235849528, 0.004695405070958395, 0.003182937493052914, 0.003994113546725651, 0.004478500085449544, 0.0033629798141945246, 0.002197603210242535, 0.002412345518146677, 0.0021077005290090767, 0.002027950056286647, 0.0035411403939405897, 0.0017547518749476774, 0.0016205105668605797, 0.001790051845104924, 0.02412428659873651]
[0.37528080851901585, 0.11141161437535833, 0.11013012386348331, 0.043103134760058844, 0.04211635868399384, 0.03168941521096985, 0.029931886848942987, 0.031013279457929074, 0.02676820655565996, 0.024017321911886085, 0.02253126321457686, 0.02175728078983156, 0.01990507384228477, 0.016481023660574547, 0.010922250406322666, 0.01111935001907581, 0.010650101158566417, 0.004679425401207701, 0.0032243382994484593, 0.0041299219629077925, 0.004380901954775492, 0.003439727060836332, 0.002237309751982955, 0.002378377456234904, 0.002093055936573899, 0.0020652004571015863, 0.0034643094856093132, 0.0018468042605274905, 0.001629077919023519, 0.0018406695068282936, 0.02376238726841124]
[0.38423868151399776, 0.10549781828759669, 0.10905205045662388, 0.04214693012469666, 0.03990128724813048, 0.032136200240959124, 0.030172408247034068, 0.030873859019850593, 0.02603833244520856, 0.023269709091245743, 0.02166103633603829, 0.02163287414358586, 0.019837520778539765, 0.016928883643739016, 0.010727339046757833, 0.010646886429481006, 0.010325853945635004, 0.0047048542629108, 0.003338577697886443, 0.004007624789622521, 0.004465792284259494, 0.0033287325488089757, 0.0022180846765446297, 0.0024619670757620427, 0.0021626351352473793, 0.002076257086331219, 0.0034376632272678552, 0.0018434192613007148, 0.0016840079921872178, 0.0018300935412387006, 0.027352619421521267]
[0.38292893079892587, 0.10577772375845806, 0.11189876379511578, 0.04173944911081024, 0.0401243288182136, 0.03161628422957708, 0.029472449535821312, 0.0301358748412681, 0.0272427100664587, 0.02354106966299211, 0.02217481070368897, 0.021941732462377277, 0.019673278457387092, 0.016455221282392345, 0.010982499659666045, 0.010742012238719125, 0.010769910907685252, 0.004656509024339621, 0.0033016773404115135, 0.004176747387076304, 0.00444976802677727, 0.0034037877667117767, 0.0022068581860012777, 0.002380918713759947, 0.002097471057581283, 0.0021073155125456633, 0.0035577392337255947, 0.0017947949277564985, 0.001649885900811256, 0.0017634985584256025, 0.025235978034508146]
[0.384149462288819, 0.10873631201992574, 0.10864728227123642, 0.04175676331702852, 0.03987216204724621, 0.030896446099644957, 0.028648359113993545, 0.029814216959439352, 0.026083031147583077, 0.023161129832379408, 0.021872194782655684, 0.021976105258160142, 0.018950803549917666, 0.016319404259666527, 0.010782593122277178, 0.011117680948265691, 0.010266349718256807, 0.004794954092936521, 0.0032333396702610264, 0.0039990119098617235, 0.004402572166360102, 0.003334453156434012, 0.0022013410871211322, 0.0024356470426781527, 0.002174470459263601, 0.0020796284810014865, 0.0034738972304925076, 0.001800943080344294, 0.001580859737633582, 0.0017829565573412832, 0.029655628591779733]
[0.3813205182309094, 0.10701595709973256, 0.10917133928868737, 0.04334033121949797, 0.04093440787222866, 0.03193503087204004, 0.029135826911575298, 0.030890159379559235, 0.026247812838629057, 0.023774819730708555, 0.022279111642824315, 0.021831038418804946, 0.019425671203932654, 0.016852544889321776, 0.011062988938088658, 0.01108386125607379, 0.01044275252748432, 0.004637617092071611, 0.0031841833535294992, 0.003979234652963473, 0.0045417954108817864, 0.0034964888596912074, 0.002217130253901514, 0.002451965438886885, 0.0021781854697062093, 0.0020340038462465953, 0.003383514342729339, 0.0017885931252333241, 0.001672621587623434, 0.001776954974321735, 0.025913539272121342]
[0.38638920171373536, 0.11034848813170035, 0.10656322900747162, 0.042537368478982915, 0.040432143871041305, 0.03198532781440885, 0.03027360233190714, 0.030920678329643014, 0.025946401327678958, 0.023710412872697526, 0.021361230086407612, 0.02278019766409324, 0.01974374057296735, 0.016618292791670205, 0.011244546373676122, 0.011013382142617038, 0.01023112187548033, 0.004582216430677168, 0.0032660186728876036, 0.004115206848056889, 0.004574129429386453, 0.003535685989716565, 0.0022670888458784033, 0.0024872414384482762, 0.0021689950872215017, 0.0021155238907634914, 0.0033998353180206362, 0.0017861016360866027, 0.0016310865284816084, 0.0017180230261544408, 0.020253481472039866]
[0.3873727698004083, 0.10736874616521681, 0.11259424868555053, 0.043119996239581064, 0.03957632693877479, 0.03241276804627924, 0.0288447000058768, 0.030949842594273823, 0.025357585329615937, 0.023640059466947704, 0.021052250430373655, 0.02210821700890095, 0.018961476739618482, 0.015998121096285723, 0.01069858791205964, 0.010895213742528016, 0.01029312989770059, 0.00475153667905688, 0.0032220659981818285, 0.00380949433210757, 0.004463316080070115, 0.0033495236422266665, 0.00218022857726246, 0.002386447536645147, 0.002055958425451036, 0.0020010577429916848, 0.0033310142944222632, 0.001738659865038163, 0.0016116682947627636, 0.0016896179974964505, 0.022165370434296568]]
 
>>>>>>>>>>FINAL LOG IS>>>>>>
[
0.0 ,
-32526.93807706549 ,
-32272.338060724138 ,
-32272.337814703627 ,
-32272.337568849816 ,
-32272.337323033407 ,
-32272.33707712802 ,
-32272.33683100664 ,
-32272.33658454097 ,
-32272.33633760404 ,
-32272.33609006421 ,
-32272.335841794946 ,
-32272.335592663574 ,
-32272.33534253824 ,
-32272.335091290803 ,
-32272.334838782554 ,
-32272.334584878456 ,
-32272.334329441597 ,
-32272.3340723331 ,
-32272.333813411704 ,
-32272.3335525328 ,
-32272.333289549155 ,
-32272.333024313495 ,
-32272.332756673204 ,
-32272.33248647365 ,
-32272.33221355413 ,
-32272.331937753268 ,
-32272.331658905827 ,
-32272.33137683988 ,
-32272.331091383505 ,
-32272.330802353306 ,
]
