>>>>>>>>>>FINAL PI IS>>>>>>
[6.8464555806822854E-65 ][1.0 ] 
 
>>>>>>>>>>FINAL A IS>>>>>>
[[0.23416497935859923, 0.7658350206414021]
[0.7908175443802347, 0.2091824556197663]]
 
>>>>>>>>>>FINAL B IS>>>>>>
[[0.15337769236086088, 0.14119123348728396, 0.08800720878663966, 0.012707873860734627, 0.0937151952088338, 0.004482582617280462, 0.0569845304458753, 0.05039371010110561, 0.07389736852219592, 0.03564442480697629, 0.036235893926852975, 0.053795986551922845, 0.038447908381195196, 0.015630456172348758, 0.01277125856856386, 0.029559820415230784, 0.0034947402085794537, 0.004185730207062093, 5.972506163700962E-6, 0.016739993113816718, 0.01231583788423345, 0.007389955105241308, 5.422426823828551E-13, 0.0052251441671280945, 0.0073899551052413115, 1.7551416798458102E-20, 0.004252070908383831, 1.9107120277106384E-8, 1.5171320497370134E-36, 0.0024633183684137703, 0.03969411910417257]
[0.324165534196433, 0.17937740229848503, 0.056523969728043265, 0.11125967532817338, 0.027803301204780737, 0.0816667784528202, 0.01742640374415046, 0.014065318544032545, 2.248513533238828E-6, 0.02164713958588862, 0.013424417058049037, 0.005484601598185168, 0.01875889973145121, 0.029577227220906707, 0.022371703044455522, 5.907830466100544E-12, 0.014164139363820685, 0.008376677802253815, 0.007607218755711914, 5.184495246469981E-4, 7.76751855726663E-7, 3.4431902411833578E-18, 0.007613371825030878, 0.004768049164805733, 3.0789715752211863E-23, 0.005075581217059676, 0.0032327502394938054, 0.007613352140813475, 0.002537790608529838, 9.262789758717878E-37, 0.014937222350681819]]
 
>>>>>>>>>>FINAL LOG IS>>>>>>
[
0.0 ,
-2745.935436436977 ,
-2166.8524423664016 ,
-2166.8522278637024 ,
-2166.8520086643243 ,
-2166.851781403533 ,
-2166.85154264089 ,
-2166.8512888161968 ,
-2166.8510162058815 ,
-2166.8507208799197 ,
-2166.8503986593396 ,
-2166.8500450746506 ,
-2166.849655325642 ,
-2166.8492242433636 ,
-2166.848746255201 ,
-2166.8482153545306 ,
-2166.8476250765743 ,
-2166.846968482711 ,
-2166.8462381558516 ,
-2166.84542620992 ,
-2166.844524317058 ,
-2166.8435237563704 ,
-2166.8424154883633 ,
-2166.8411902591556 ,
-2166.839838738328 ,
-2166.838351693256 ,
-2166.836720201681 ,
-2166.834935902046 ,
-2166.8329912785607 ,
-2166.830879974268 ,
-2166.828597121626 ,
-2166.8261396755256 ,
-2166.823506729599 ,
-2166.8206997930533 ,
-2166.8177230032975 ,
-2166.814583249513 ,
-2166.8112901852246 ,
-2166.807856113641 ,
-2166.804295738261 ,
-2166.8006257822585 ,
-2166.7968644921884 ,
-2166.793031053249 ,
-2166.7891449526305 ,
-2166.7852253335 ,
-2166.7812903831646 ,
-2166.777356795396 ,
-2166.773439338813 ,
-2166.7695505522734 ,
-2166.765700575632 ,
-2166.7618971123748 ,
-2166.7581455099685 ,
-2166.754448936628 ,
-2166.750808628779 ,
-2166.747224182539 ,
-2166.7436938640367 ,
-2166.740214917069 ,
-2166.7367838510504 ,
-2166.7333966974006 ,
-2166.73004922715 ,
-2166.726737126946 ,
-2166.7234561336995 ,
-2166.7202021309467 ,
-2166.716971211215 ,
-2166.7137597098076 ,
-2166.710564215491 ,
-2166.7073815634576 ,
-2166.704208815343 ,
-2166.7010432305633 ,
-2166.69788223223 ,
-2166.6947233704436 ,
-2166.6915642848353 ,
-2166.6884026677612 ,
-2166.68523622897 ,
-2166.682062662123 ,
-2166.6788796134224 ,
-2166.675684651996 ,
-2166.672475241911 ,
-2166.6692487154105 ,
-2166.666002246775 ,
-2166.6627328264826 ,
-2166.6594372350182 ,
-2166.6561120158794 ,
-2166.6527534472875 ,
-2166.6493575120294 ,
-2166.6459198649873 ,
-2166.6424357977667 ,
-2166.6389001999114 ,
-2166.6353075160896 ,
-2166.6316516987085 ,
-2166.6279261550985 ,
-2166.624123688689 ,
-2166.6202364331184 ,
-2166.616255778434 ,
-2166.6121722881326 ,
-2166.6079756058275 ,
-2166.603654349949 ,
-2166.599195994783 ,
-2166.5945867357846 ,
-2166.589811336796 ,
-2166.5848529564114 ,
-2166.5796929501653 ,
-2166.5743106448163 ,
-2166.5686830801437 ,
-2166.562784712965 ,
-2166.556587077121 ,
-2166.550058391935 ,
-2166.5431631102983 ,
-2166.5358613959165 ,
-2166.528108517074 ,
-2166.519854141975 ,
-2166.5110415177064 ,
-2166.5016065113273 ,
-2166.4914764872524 ,
-2166.480568990014 ,
-2166.468790195155 ,
-2166.4560330836234 ,
-2166.4421752859926 ,
-2166.4270765323913 ,
-2166.410575631367 ,
-2166.392486886612 ,
-2166.372595843891 ,
-2166.3506542423447 ,
-2166.3263740250018 ,
-2166.2994202445198 ,
-2166.269402684134 ,
-2166.235866005348 ,
-2166.198278239966 ,
-2166.1560174759366 ,
-2166.1083566604825 ,
-2166.054446583913 ,
-2165.9932973450423 ,
-2165.923758973562 ,
-2165.8445024399275 ,
-2165.75400305758 ,
-2165.6505292867714 ,
-2165.532141138501 ,
-2165.3967035993296 ,
-2165.2419214552833 ,
-2165.06540212747 ,
-2164.864752099216 ,
-2164.637709806848 ,
-2164.3823135678213 ,
-2164.097098136161 ,
-2163.7813093988357 ,
-2163.435124792019 ,
-2163.0598662813686 ,
-2162.65818902247 ,
-2162.2342167658194 ,
-2161.7935742753866 ,
-2161.3432481199116 ,
-2160.8912107850565 ,
-2160.4457874885156 ,
-2160.014828743768 ,
-2159.6048436927776 ,
-2159.2203001624293 ,
-2158.8632692663996 ,
-2158.5334883851992 ,
-2158.2287851554242 ,
-2157.9457103867708 ,
-2157.680206474922 ,
-2157.428181521318 ,
-2157.1859302541693 ,
-2156.95040350577 ,
-2156.7193597923488 ,
-2156.4914361878946 ,
-2156.26616234977 ,
-2156.0439240732358 ,
-2155.825870712217 ,
-2155.6137590310027 ,
-2155.409734947773 ,
-2155.2160707441008 ,
-2155.034891742176 ,
-2154.8679348517207 ,
-2154.716376558312 ,
-2154.5807514704943 ,
-2154.460961573582 ,
-2154.3563585767474 ,
-2154.265871763785 ,
-2154.188152316561 ,
-2154.1217102010273 ,
-2154.0650281709686 ,
-2154.0166461372023 ,
-2153.9752159814248 ,
-2153.9395310787304 ,
-2153.908536555976 ,
-2153.8813263683264 ,
-2153.857132393725 ,
-2153.8353095180605 ,
-2153.8153194779525 ,
-2153.7967152155484 ,
-2153.779126730441 ,
-2153.7622488694997 ,
-2153.745831133591 ,
-2153.72966935333 ,
-2153.7135989550684 ,
-2153.697489473276 ,
-2153.681239946511 ,
-2153.6647748478945 ,
-2153.6480402380917 ,
-2153.6309998807924 ,
-2153.6136311187593 ,
]

 ------------------SCORING OBSERVATION 1 (FROM LATER OPCODES EXISTING FAMILY) ----------------------
-555.7464586718871
Diffference:-1597.8671724468722
