>>>>>>>>>>FINAL PI IS>>>>>>
[0.003073723307097939 ][0.11016453589678472 ][2.670544629262803E-4 ][0.8380911894222871 ][0.027381968297983793 ][0.003173258544459541 ][0.0029972495040379897 ][0.008145182225398525 ][0.006702247079789298 ][3.591259235081913E-6 ] 
 
>>>>>>>>>>FINAL A IS>>>>>>
[[0.10048216137276289, 0.10140069668161401, 0.09925846903144724, 0.10077149360890922, 0.10105609169532188, 0.09950952458419737, 0.09958201022714643, 0.09973059379721395, 0.09937304361753208, 0.0988359153836026]
[0.09861856231886035, 0.10120485191937434, 0.09898867638128767, 0.10118806623892121, 0.10139067258235941, 0.09893277639369633, 0.099233877563778, 0.09975581675713, 0.10063753352007927, 0.10004916632480801]
[0.09943021318606309, 0.09988731991124752, 0.09990352405821624, 0.09972147407890526, 0.09948994601489729, 0.09947130745548742, 0.0999538247927753, 0.10027738482822812, 0.0985780228400604, 0.10328698283414137]
[0.09921847065514539, 0.10278616715306671, 0.09911390637856693, 0.1019811310733729, 0.1017823663318295, 0.09905114590608027, 0.09919827705270887, 0.10070761379872997, 0.10027350427926353, 0.09588741737147793]
[0.10010482131294997, 0.10109596392027602, 0.09937579569013172, 0.10226561089604541, 0.10160936699032735, 0.0986427178266364, 0.09981361181049815, 0.10049361152010813, 0.09937288352306357, 0.09722561650963897]
[0.09987027579543446, 0.10104986616110251, 0.09891037811553807, 0.10203271364097724, 0.0997146214824455, 0.09977852484673226, 0.09981446812125917, 0.099077109518539, 0.10030266537157792, 0.09944937694628647]
[0.09958669647942955, 0.1011517017335418, 0.09993715963779144, 0.10180339947261828, 0.10001936494921325, 0.09848009928793007, 0.09984837230330187, 0.10027470807128656, 0.10045179104275716, 0.09844670702214271]
[0.09926476462486973, 0.10089981315361242, 0.09862927999642386, 0.10207570279448108, 0.10018430907912115, 0.09914787354266623, 0.09948822631389186, 0.09912848647577181, 0.09969774000201394, 0.1014838040172361]
[0.09936164498208098, 0.10137604322172104, 0.09964962002828137, 0.1008311144817111, 0.09983447552932151, 0.09909418190165559, 0.10107297199947993, 0.10068313143311822, 0.09949863329083021, 0.09859818313195258]
[0.10017885752114768, 0.09961357611043124, 0.100053780166185, 0.1000700207530718, 0.0999377744420431, 0.09978848669180873, 0.10099364430241471, 0.09946655350032656, 0.10036824156369875, 0.0995290649492077]]
 
>>>>>>>>>>FINAL B IS>>>>>>
[[0.23943099836025902, 0.07706549426315534, 0.10162850447505463, 0.18088459391855877, 8.786875883160688E-4, 0.030158807289554994, 0.029376243037190105, 0.02106277550309453, 0.025795550756134236, 0.019757027162612996, 0.009292120195308265, 0.020027130697783616, 0.015723142591360397, 0.009249774009930515, 0.008528369674565203, 0.007485695704860739, 0.01277956520219346, 0.01245218540637625, 0.010085256153253508, 0.010693451326722085, 0.010673271359160299, 0.010692881704920297, 0.010780251073206121, 0.009374490922622799, 0.005425460027765192, 0.002136247175102312, 0.003900778771816246, 0.005765432058197853, 0.0039035549365048173, 0.0012194749291969253, 0.09377278372492522]
[0.23203182722929375, 0.07425091717438699, 0.10556971816817803, 0.18230372106307313, 8.961275953780561E-4, 0.028924036840775946, 0.02824227825914885, 0.019965446674226412, 0.026119984467114648, 0.019194825770920926, 0.009415766964448742, 0.020627382285677596, 0.015068266741194701, 0.008896769980144575, 0.008585104428875747, 0.007416788329347091, 0.012170032086888183, 0.012028789862924289, 0.010059278387305961, 0.010096871792680309, 0.010358867336951766, 0.01019457553511826, 0.01049139004342126, 0.009132405260110934, 0.0054778166834270605, 0.002197198022939303, 0.0037135411493283113, 0.005638437814824522, 0.0037918786418419297, 0.0012025945166959982, 0.10593736089363454]
[0.2428310187998457, 0.0773329635745765, 0.10450003553343018, 0.18140372843413274, 9.141701721635323E-4, 0.030188319439744503, 0.029306760393777186, 0.021237599780875867, 0.026325984754980377, 0.019528018808074712, 0.00928628500901798, 0.021025984473545253, 0.015618073169661071, 0.008940999049931316, 0.008661153406979111, 0.007854449006671633, 0.012331472412928427, 0.012290027356496588, 0.010158579352147997, 0.010223208839565389, 0.010858338944006077, 0.010477677190669797, 0.010582018254686174, 0.009607089181136284, 0.005420240896916772, 0.002124633636658195, 0.003741046147229332, 0.005928225204635817, 0.0038965268412679954, 0.0012504004383400537, 0.0861549714959417]
[0.23204351358167, 0.07623067008274499, 0.10086906464064516, 0.17831773549104873, 9.10167920069195E-4, 0.02920518229031246, 0.028118522981947686, 0.020217731425904144, 0.02508712846639365, 0.019973472073367256, 0.00910183170984263, 0.019930669179020682, 0.014838669934344425, 0.00909586811167406, 0.008277483862248698, 0.007666091532841046, 0.011862573579697814, 0.012277429354983514, 0.009572220161847248, 0.010266414630098093, 0.010296189110964216, 0.010229713847006062, 0.01024492827817418, 0.009188437710524957, 0.005315437317268679, 0.0021149202461546333, 0.0037528901143806526, 0.005802577410701192, 0.003835820277778209, 0.0011923652149413509, 0.11416427946167697]
[0.24126647355348968, 0.07363879363140621, 0.10172159740419107, 0.17877770171484, 9.020791708790536E-4, 0.03020560081818801, 0.02804932662550423, 0.020646454093809986, 0.025845659475026244, 0.019441413641139507, 0.009119059752756656, 0.02052874027383417, 0.014890266055964533, 0.008919351097866582, 0.008586549441827384, 0.0076002426118586455, 0.012571637643180679, 0.0121669418448829, 0.01011906013431668, 0.010377865264586079, 0.01058475235988725, 0.010613596463523965, 0.010331353937506617, 0.009658951573642707, 0.0053292350665534735, 0.002147401956373492, 0.003876627078685705, 0.0057186449098018365, 0.003910529783030424, 0.0012171531505050207, 0.10123693947060661]
[0.24291785500566979, 0.07346101374030449, 0.10245993947541746, 0.17902759579770228, 9.281494326281878E-4, 0.03091148576501025, 0.02879162947402079, 0.020937361604920747, 0.02656670641868425, 0.02022227221768499, 0.009317278157410394, 0.02031375908578394, 0.015704719162530842, 0.00912181291422174, 0.008514117061470063, 0.007881924575939088, 0.012151573968387275, 0.012645332952299283, 0.010206158090143339, 0.010606021717269543, 0.010925357503191959, 0.010361695422020678, 0.01033681785594195, 0.009226546995900644, 0.0055907527712808465, 0.002107174528697004, 0.0039452945275439116, 0.005733392390128463, 0.003950664206633121, 0.0012425053121434704, 0.09389309186883596]
[0.2399520965777606, 0.0760985560525725, 0.10454963973394331, 0.1807091065190047, 9.14291042922233E-4, 0.03053147467521406, 0.028511366168240796, 0.020238211117781173, 0.02672538341307515, 0.020236901861386825, 0.009290862409514574, 0.020593726694186285, 0.015105633062534445, 0.00932039054616253, 0.008389025982099011, 0.0077672586004717105, 0.012651505644638208, 0.011968091172024417, 0.009728442055260189, 0.010588373170183272, 0.010389699980393052, 0.010195187805215725, 0.010245764593590343, 0.009312756971414463, 0.005311813185963, 0.0021849552832723614, 0.003754965719659913, 0.005976866324338899, 0.003807593791778795, 0.0012198247711145498, 0.09373023507417814]
[0.24177556097771388, 0.07412162385208027, 0.10138499503000334, 0.17993278116682715, 9.033733687267402E-4, 0.031057025667960834, 0.028117869747925312, 0.020158219884784938, 0.026259700096299028, 0.020201557494305376, 0.009266384610075288, 0.01992015407103478, 0.015278236067405047, 0.009300051214311773, 0.008502642196396893, 0.007584784916423478, 0.01242631300387443, 0.012357074105163417, 0.01020244250864011, 0.010640260664190436, 0.010526569033178904, 0.010713902976603386, 0.01074527407244157, 0.009287796041822461, 0.0053056973763150155, 0.0021307911030619187, 0.003907535034670651, 0.006015508333193779, 0.003834005493553213, 0.0012349557455174852, 0.09690691414563223]
[0.23644633498370682, 0.07529033870161106, 0.10144216183988512, 0.18316518165670545, 9.145823570794567E-4, 0.030229201482689098, 0.028448294145783936, 0.020904610940617147, 0.0266156314071639, 0.020286102490070325, 0.009379279870274301, 0.020935792790890993, 0.015221254077621316, 0.009471188022197674, 0.008481839511919944, 0.007602844417400442, 0.01275132645864262, 0.012362653371699495, 0.009713020168600888, 0.01086233319669365, 0.010484960823396276, 0.010533306765956875, 0.0103470354373275, 0.009526350524452422, 0.005326900997993547, 0.0021649101120135303, 0.003744133501085926, 0.006026472303680472, 0.0038378558746020863, 0.0012065410579856818, 0.0962775607104438]
[0.24676772168106986, 0.07733686166392612, 0.10539690873909131, 0.18684082924998494, 9.388244298717529E-4, 0.03012071655647626, 0.028760081897183886, 0.021356845423175314, 0.026480586855740364, 0.020169940413758834, 0.009333737256982269, 0.020502901474556624, 0.015671475203873398, 0.009490362546176122, 0.008677619739462728, 0.007846385358356054, 0.012513091388117995, 0.0123588273154755, 0.010163380840161216, 0.010755486838503721, 0.01031051765609505, 0.010795027067808412, 0.010398538171106529, 0.009691338122337492, 0.005499539901962012, 0.0021915290553509983, 0.003765185596832166, 0.005897946146890241, 0.004034651580549121, 0.0012150567861323924, 0.07471808504331078]]
 
>>>>>>>>>>FINAL LOG IS>>>>>>
[
0.0 ,
-343162.7054858921 ,
-259265.78345244713 ,
-259265.77073825663 ,
-259265.7586337695 ,
-259265.74704297003 ,
-259265.73588181438 ,
-259265.72508021834 ,
-259265.7145839902 ,
-259265.70435264998 ,
-259265.69435913488 ,
-259265.6845860692 ,
-259265.67502412747 ,
-259265.66566868863 ,
-259265.6565186042 ,
-259265.64757267528 ,
-259265.63882968063 ,
-259265.63028637454 ,
-259265.621936831 ,
-259265.61377245645 ,
-259265.60578186976 ,
-259265.59795057602 ,
-259265.5902619513 ,
-259265.58269739617 ,
-259265.5752363523 ,
-259265.56785718515 ,
-259265.56053755424 ,
-259265.55325424773 ,
-259265.5459841486 ,
-259265.53870405638 ,
-259265.53139032703 ,
]

 ------------------SCORING OBSERVATION 1 (FROM LATER OPCODES EXISTING FAMILY) ----------------------
-299181.9864982356

 ------------------SCORING OBSERVATION 2 DIFFERENT FAMILY ----------------------
-208229.01677997506

 ------------------SCORING OBSERVATION 3 DIFFERENT FAMILY ----------------------
-419401.10492990783

 ------------------SCORING OBSERVATION 4 DIFFERENT FAMILY ----------------------
-3062.5439818895156

 ------------------SCORING OBSERVATION 5 DIFFERENT FAMILY ----------------------
-15992.109297956418
