>>>>>>>>>>FINAL PI IS>>>>>>
[0.4839747079476381 ][0.5160252920523618 ] 
 
>>>>>>>>>>FINAL A IS>>>>>>
[[0.49724700046899306, 0.5027529995885656]
[0.49780267258156374, 0.5021973273609188]]
 
>>>>>>>>>>FINAL B IS>>>>>>
[[0.999630151062106, 3.257067840297716E-5, 6.68398239614665E-5, 1.7817876833472995E-5, 1.4918468517083775E-6, 1.6177473627625307E-5, 1.6807209767366106E-5, 1.1986655074798256E-5, 1.2810123586647365E-5, 9.583537683033332E-6, 5.7826331992124115E-6, 1.3165554484875483E-5, 1.5039298596431812E-5, 4.899152883022165E-6, 3.911897878317083E-6, 2.929334030797099E-6, 1.0279665952449442E-5, 6.379937679974557E-6, 5.717504405613757E-6, 8.745480995888727E-6, 1.0754689917060922E-5, 4.833770986456699E-6, 9.73690904451942E-7, 2.9449895716937E-6, 3.447355977709695E-6, 9.468354748738336E-7, 4.384815061990635E-6, 4.727523607572148E-7, 3.3798443722886657E-6, 4.899033590779708E-7, 7.428460405497096E-5]
[0.9996286317162341, 3.40165780005107E-5, 6.635141274361086E-5, 1.6931418628473813E-5, 1.4039969295495385E-6, 1.5674515298060694E-5, 1.697174940865994E-5, 1.2140990800072338E-5, 1.228601533005416E-5, 9.718522041504063E-6, 5.798922749904031E-6, 1.2894468957482533E-5, 1.4880713752954909E-5, 4.752934332497112E-6, 3.8096987897238336E-6, 2.861818281082429E-6, 9.989632962626098E-6, 6.167884394663085E-6, 5.863410255089136E-6, 8.627557257243826E-6, 1.0479671092662877E-5, 4.817672448479418E-6, 9.56666084582417E-7, 2.8463168919277854E-6, 3.3092818069636386E-6, 9.832570831020372E-7, 4.301822956352898E-6, 4.922873666222575E-7, 3.3761286616969233E-6, 4.753052450132629E-7, 7.818763317201202E-5]]
 
>>>>>>>>>>FINAL LOG IS>>>>>>
[
0.0 ,
-7066140.731572005 ,
0.0 ,
0.0 ,
0.0 ,
0.0 ,
0.0 ,
0.0 ,
0.0 ,
0.0 ,
0.0 ,
0.0 ,
0.0 ,
0.0 ,
0.0 ,
0.0 ,
0.0 ,
0.0 ,
0.0 ,
0.0 ,
0.0 ,
0.0 ,
0.0 ,
0.0 ,
0.0 ,
0.0 ,
0.0 ,
0.0 ,
0.0 ,
0.0 ,
0.0 ,
]
TESTING AFTER TRAINING: 

>>>>>>>>>>FINAL PI IS>>>>>>
[0.03978965497941585 ][0.9602103450205842 ] 
 
>>>>>>>>>>FINAL A IS>>>>>>
[[0.49724792821229713, 0.5027520717295018]
[0.4978025009720761, 0.5021974990387458]]
 
>>>>>>>>>>FINAL B IS>>>>>>
[[0.9996364219841469, 3.257815506714104E-5, 6.683741897539523E-5, 1.7823212360406222E-5, 1.4927105341069148E-6, 1.6178411780420685E-5, 1.681037261631065E-5, 1.1987420748544753E-5, 1.2814025581945331E-5, 9.587549260042472E-6, 5.783284870054626E-6, 1.3166355348698076E-5, 1.5046814321620568E-5, 4.8991407371060774E-6, 3.912115413634581E-6, 2.929077740844795E-6, 1.0285258350613752E-5, 6.384365750242921E-6, 5.720260594242096E-6, 8.748302067922087E-6, 1.07594981440688E-5, 4.834106304486181E-6, 9.741553147666125E-7, 2.9468124079926376E-6, 3.447485204234112E-6, 9.466843622479006E-7, 4.387987865814084E-6, 4.725063700591916E-7, 3.3809600371519354E-6, 4.898330313781354E-7, 6.795373467770832E-5]
[0.9996224225361259, 3.4009175413507984E-5, 6.635379389418853E-5, 1.692613535025829E-5, 1.403141722677786E-6, 1.5673586221046174E-5, 1.6968617753303228E-5, 1.2140232714467136E-5, 1.2282151585242505E-5, 9.714550005040205E-6, 5.798277500523099E-6, 1.2893675891994933E-5, 1.4873271975510946E-5, 4.752946311989288E-6, 3.8094833634851483E-6, 2.862072026021527E-6, 9.984095533347381E-6, 6.163499854486135E-6, 5.860681250164144E-6, 8.62476392322966E-6, 1.0474910118536441E-5, 4.817340426779779E-6, 9.5620624131859E-7, 2.844511971353811E-6, 3.3091538085520484E-6, 9.834067195672894E-7, 4.298681364826526E-6, 4.925309415965253E-7, 3.3750239802898962E-6, 4.7537487560254547E-7, 8.445617114947496E-5]]
 
>>>>>>>>>>FINAL LOG IS>>>>>>
[
0.0 ,
-8962.166793311913 ,
-8962.166142429463 ,
-8962.165502472806 ,
-8962.1647031748 ,
-8962.163954610349 ,
-8962.163145867911 ,
-8962.162210473545 ,
-8962.161145092627 ,
-8962.159934028814 ,
-8962.158605743862 ,
-8962.157108509382 ,
-8962.155434972066 ,
-8962.153603595603 ,
-8962.151421655102 ,
-8962.14896079587 ,
-8962.146414615698 ,
-8962.143372162704 ,
-8962.140081821763 ,
-8962.13651774245 ,
-8962.132497926012 ,
-8962.128277161079 ,
-8962.123650789406 ,
-8962.118693989345 ,
-8962.113592110041 ,
-8962.108150003305 ,
-8962.102555907197 ,
-8962.09684811567 ,
-8962.090954176387 ,
-8962.084967363859 ,
-8962.079155612835 ,
]
