>>>>>>>>>>FINAL PI IS>>>>>>
[0.006828156021589735 ][0.9931718439784103 ] 
 
>>>>>>>>>>FINAL A IS>>>>>>
[[0.49789180803799815, 0.5021081919619871]
[0.4962745806799575, 0.5037254193200504]]
 
>>>>>>>>>>FINAL B IS>>>>>>
[[0.2909945940821995, 0.15670101079728155, 0.12221582506325195, 0.0698996436007696, 0.061088484612618656, 0.042858340043209944, 0.034404816798689355, 0.0305342508654793, 0.022304287858596852, 0.022005363543421363, 0.020430326235744433, 0.014316945892889505, 0.014256214376095281, 0.014575784862081016, 0.012959647509058165, 0.011272382164539846, 0.010921767568915882, 0.010356708879573956, 0.010858841505373966, 0.008303744508929227, 0.005582022748839726, 0.004638834309473212, 0.0026458931535827514, 0.0017943162802239677, 9.984541224648035E-4, 7.823687812405185E-4, 3.371966904661702E-4, 4.219517740849417E-4, 3.72829947090024E-4, 3.632757331826731E-4, 8.038756906113984E-4]
[0.2921585931687546, 0.15679841908353465, 0.12443120855904759, 0.06825001150089315, 0.060693825281788516, 0.042185597439717344, 0.03431570476351778, 0.030585449475111187, 0.02205715855997263, 0.02213388424013437, 0.020330259443361608, 0.01472069103452685, 0.013925719968601076, 0.014405213472099778, 0.01214511982518293, 0.010909740335216045, 0.010679649519404966, 0.010522321807537269, 0.010364054424914742, 0.009409781984481011, 0.005756953402723222, 0.004820104736149064, 0.0027335935463860235, 0.0017658503276313422, 9.617606401493232E-4, 7.577751623036866E-4, 3.2288706209700495E-4, 3.9818731647603346E-4, 3.67202986843088E-4, 3.5676238865285913E-4, 7.365185428117797E-4]]
 
>>>>>>>>>>FINAL LOG IS>>>>>>
[
0.0 ,
-342592.01583330974 ,
-245328.88741521144 ,
-245328.8873461481 ,
-245328.88727658658 ,
-245328.88720639967 ,
-245328.8871353368 ,
-245328.8870631571 ,
-245328.88698958265 ,
-245328.88691434715 ,
-245328.88683718938 ,
-245328.88675787838 ,
-245328.8866761484 ,
-245328.8865914859 ,
-245328.88650403504 ,
-245328.88641310655 ,
-245328.8863185505 ,
-245328.88622004594 ,
-245328.88611722167 ,
-245328.8860096976 ,
-245328.8858970971 ,
-245328.885779035 ,
-245328.885655227 ,
-245328.88552517546 ,
-245328.88538836114 ,
-245328.8852444997 ,
-245328.8850931092 ,
-245328.88493359892 ,
-245328.8847653704 ,
-245328.8845880853 ,
-245328.88440111518 ,
-245328.88420391633 ,
-245328.8839957887 ,
-245328.88377622236 ,
-245328.88354454265 ,
-245328.8833002161 ,
-245328.88304226275 ,
-245328.88277021534 ,
-245328.8824832691 ,
-245328.88218073393 ,
-245328.8818618544 ,
-245328.88152582454 ,
-245328.8811719811 ,
-245328.88079947676 ,
-245328.88040761792 ,
-245328.8799955274 ,
-245328.87956248398 ,
-245328.87910782534 ,
-245328.87863066912 ,
-245328.8781303605 ,
-245328.87760623943 ,
-245328.87705756744 ,
-245328.8764840184 ,
-245328.87588477862 ,
-245328.87525944112 ,
-245328.8746076128 ,
-245328.87392889394 ,
-245328.8732231098 ,
-245328.87248992376 ,
-245328.8717295139 ,
-245328.87094167707 ,
-245328.870126779 ,
-245328.86928488995 ,
-245328.86841639804 ,
-245328.8675218457 ,
-245328.866601763 ,
-245328.86565698788 ,
-245328.86468839692 ,
-245328.863696811 ,
-245328.86268339667 ,
-245328.86164927925 ,
-245328.86059588607 ,
-245328.8595243908 ,
-245328.8584362505 ,
-245328.85733292252 ,
-245328.85621604236 ,
-245328.8550871567 ,
-245328.85394769203 ,
-245328.85279947644 ,
-245328.85164390865 ,
-245328.85048238534 ,
-245328.84931656052 ,
-245328.84814789213 ,
-245328.84697775694 ,
-245328.8458072453 ,
-245328.84463788552 ,
-245328.8434703943 ,
-245328.84230607314 ,
-245328.8411457678 ,
-245328.83999028383 ,
-245328.83884025787 ,
-245328.8376963472 ,
-245328.8365589402 ,
-245328.83542857616 ,
-245328.83430556735 ,
-245328.83318993318 ,
-245328.83208197975 ,
-245328.8309818091 ,
-245328.82988929667 ,
-245328.8288045194 ,
-245328.8277271207 ,
]

 ------------------SCORING OBSERVATION 1 (FROM LATER OPCODES EXISTING FAMILY) ----------------------
-248117.63031085723

 ------------------SCORING OBSERVATION 2 DIFFERENT FAMILY ----------------------
-223153.49638665002

 ------------------SCORING OBSERVATION 3 DIFFERENT FAMILY ----------------------
-348777.1762207388

 ------------------SCORING OBSERVATION 4 DIFFERENT FAMILY ----------------------
-2810.3017300652477

 ------------------SCORING OBSERVATION 5 DIFFERENT FAMILY ----------------------
-13883.218663568248
