>>>>>>>>>>FINAL PI IS>>>>>>
[0.1420412225631155 ][0.02201805415437514 ][0.04830465448252536 ][0.0252358094472277 ][0.07223678748246118 ][0.027873062057838176 ][0.17764929719620096 ][0.31695745817470067 ][0.16768365444155528 ] 
 
>>>>>>>>>>FINAL A IS>>>>>>
[[0.11158184632020213, 0.11067290716204618, 0.11082826206272928, 0.11166947691691984, 0.1114495584619122, 0.1104927395199194, 0.11177294929836785, 0.11021856153302013, 0.11131369872487767]
[0.11098224813767249, 0.11504033302370975, 0.11118349773828233, 0.11356806045494443, 0.11006958063475929, 0.10972524564186813, 0.11098409296343709, 0.10911868845435632, 0.10932825295096289]
[0.11027796275861242, 0.11102735228404527, 0.11053548655401689, 0.11014411156273042, 0.11110668881201197, 0.11088491371822483, 0.11037589829899798, 0.11066142033588462, 0.11498616567546201]
[0.11156329892737299, 0.1127672086289409, 0.11184099652485736, 0.11356331755751184, 0.11047141901863206, 0.1097311860926401, 0.11096392360297294, 0.10891657463503297, 0.11018207501204832]
[0.11108868102148134, 0.11097380811975467, 0.1114240125123472, 0.11182141619596825, 0.1111988688890613, 0.11155033737604872, 0.11179501057867096, 0.11081761473334771, 0.10933025057330861]
[0.11181355653058843, 0.11241306141678913, 0.11041314707193634, 0.11060289838054768, 0.11183476777772469, 0.11149884039553161, 0.11145280446796613, 0.1100194824428336, 0.10995144151608252]
[0.11111415360077984, 0.11134501796677201, 0.11146479837763876, 0.11146854392260998, 0.11059966013722398, 0.11204963009036056, 0.11069818815368437, 0.11006757756119599, 0.11119243018972545]
[0.11166617380014067, 0.11090386510675528, 0.11114442495754542, 0.11023587689671441, 0.11156503861645604, 0.1101893099182292, 0.11179736633584503, 0.11206411557848517, 0.11043382878982153]
[0.11133112781574783, 0.10940454313041849, 0.11126442303233579, 0.11081967211114946, 0.11138351258896975, 0.11127675925824602, 0.11105148841277869, 0.11234243730497803, 0.11112603634536171]]
 
>>>>>>>>>>FINAL B IS>>>>>>
[[0.23715332008863554, 0.1587526348918483, 0.07312719210095699, 0.05809342463334276, 0.05754806666892032, 0.04149846357729632, 0.03777974229617236, 0.0337631763921299, 0.029280253195539122, 0.02848640675578586, 0.028220511560069036, 0.02529368267702022, 0.025928687347296673, 0.018094703340650713, 0.019390274071852696, 0.015897638782201854, 0.014102234235944349, 0.00953885905311921, 0.007135841717074226, 0.007158294064617391, 0.0062802185039135365, 0.004682981617821529, 0.003727573312253661, 0.0033315356301333973, 0.00313209845725756, 0.0032163358471594392, 0.0022674813401402883, 0.002306983966150635, 0.0019929519369539955, 0.0018564567918261392, 0.04096197514591018]
[0.24005786340014312, 0.15203622873568673, 0.07271044226223627, 0.06114529359517202, 0.055328424118441674, 0.03995471500944227, 0.037141986072234755, 0.03404887490196194, 0.027963928792387342, 0.027835273542979294, 0.028308089915769986, 0.02525647849466589, 0.025667322715465433, 0.017720308270700563, 0.018984763757007275, 0.015690852614512276, 0.014014038141330322, 0.009437165614142073, 0.0068867375510653596, 0.007211407971061711, 0.006401478173606134, 0.0046134903232818705, 0.0037824196964287033, 0.0032798870181165564, 0.003039917520021229, 0.003093429860178071, 0.0022927306917984018, 0.0023532061613617417, 0.002003284623170072, 0.0017999140058904842, 0.049940046449733246]
[0.2348373148730993, 0.1552559885135784, 0.0717785100351207, 0.06102515034824595, 0.058064479489117, 0.04205849052550645, 0.03625896096542234, 0.035725220510922445, 0.028346988831891892, 0.02958826143051565, 0.02829865370705231, 0.026595758433357684, 0.026872752856646562, 0.018202536803312217, 0.019088569438143178, 0.015703136339855466, 0.013914282454797642, 0.009723277507865016, 0.007232988266875921, 0.007293647773571873, 0.006278438115312247, 0.0045774330305668005, 0.003783879275680746, 0.003400488863359243, 0.0030364652970696045, 0.003044640677152843, 0.002361854475722116, 0.0023299924840366106, 0.002029738101242806, 0.0017967689564055685, 0.0414953316185413]
[0.24118396262239816, 0.15266496023100176, 0.07198946284977152, 0.05824288163058897, 0.05683522215692443, 0.03996457972142096, 0.036155334082106264, 0.034542763516497814, 0.029668578062825277, 0.029014918794644764, 0.02685542440480678, 0.025081335513052513, 0.026120944626850343, 0.018572127376402507, 0.019235887657921176, 0.015781820495677827, 0.013559333689644492, 0.00952627751398842, 0.006880486612428143, 0.007504863187316096, 0.006229963017787985, 0.004582004373119065, 0.003851667132716371, 0.0033218744643383822, 0.003057107010032221, 0.0031959827331634666, 0.002314753453442168, 0.002392425673012586, 0.001999364036994684, 0.0018569875191117083, 0.0478167058400159]
[0.24034421027514308, 0.156499703331146, 0.07245665205007334, 0.06132218408973539, 0.0551756843807521, 0.041636526692147555, 0.03682212574521904, 0.03391473453001952, 0.02961982636518863, 0.029037150953897282, 0.027552662216573306, 0.025311612168435124, 0.026527906627525303, 0.018364000941422196, 0.018381441955124454, 0.01588553734922673, 0.01355413191741585, 0.009405982611833046, 0.00718187666496622, 0.007199564193976807, 0.006511662954539669, 0.00445697105451615, 0.003800018089254714, 0.003346761014951498, 0.0030236835171280067, 0.0031550004604833965, 0.0023899630377971753, 0.0023941084332894935, 0.002027458894227272, 0.001815148339952615, 0.04088570914402493]
[0.239185954238338, 0.1534105169191081, 0.0758075169360969, 0.059867709568369336, 0.057800434233475737, 0.039667651066993874, 0.03658034513622771, 0.03469017021734448, 0.02945660027452981, 0.02955956995326425, 0.027155215380076488, 0.025158413661860776, 0.02584442410640185, 0.017988351080833794, 0.01879588176484512, 0.01610503076204267, 0.014072142170858996, 0.009933233753723236, 0.0070740099655708525, 0.007220106166574072, 0.006628664842110468, 0.00450745168858464, 0.003909312196595805, 0.003291053356927157, 0.0031170483948524774, 0.003175062370533304, 0.0023932144490637582, 0.0023483835311244325, 0.002047671979284066, 0.0018303015155456143, 0.041378558318847465]
[0.2340859114374275, 0.15958283888870656, 0.07264709829470567, 0.05817884416703136, 0.05795129530371998, 0.041449241567454394, 0.03679394064483558, 0.03577606475321431, 0.02814810417958864, 0.028675025493827947, 0.027330468853365347, 0.026482797587317967, 0.026316987084822913, 0.01851426121984172, 0.018817211058005334, 0.016397210084423366, 0.013518165918614766, 0.009402347055933746, 0.007232665274018315, 0.0074896046373499146, 0.006325700550108015, 0.004530406074548072, 0.0037339236042820126, 0.003221238732353237, 0.0029458951005712354, 0.0030351026675905237, 0.002371428740193901, 0.0023232062405680086, 0.00202998219911214, 0.0018430508281291399, 0.04284998175833138]
[0.23531861722705344, 0.1619645233342665, 0.07449130253306917, 0.05898752518929234, 0.05604773410515053, 0.04133302730328116, 0.03685935802967348, 0.03560597082901687, 0.029129236272927586, 0.02844868012795418, 0.027835265128398155, 0.026079356918839766, 0.02636496897941309, 0.018387112403043346, 0.01898890491147952, 0.01577435475911099, 0.013824600132176908, 0.00948703910102596, 0.007092569381591392, 0.0074482808541087315, 0.006419247726772501, 0.004638772404289102, 0.003915101151399213, 0.003403052382760988, 0.003017712611544092, 0.003142298015086785, 0.0023629496742781004, 0.0024464541219476237, 0.0020192546632270963, 0.0018088705676760984, 0.03735785916013703]
[0.23349481729823648, 0.15965222601330245, 0.07273253783280399, 0.06170080606406754, 0.05554806310863542, 0.04198566161804037, 0.03734878246506659, 0.035503530007107535, 0.029031241754328294, 0.029640611565453605, 0.027382391118414725, 0.02658733389424666, 0.027421715274981495, 0.018678805677505766, 0.019315683294807706, 0.015684755161503236, 0.013641280235454719, 0.009767618707652182, 0.007184570299370956, 0.007354594102363184, 0.006526552579215872, 0.004810829895869026, 0.0038772635923804873, 0.0032846846818889797, 0.0029899202049729822, 0.0032023798391887367, 0.0023062272627881525, 0.00234570331401128, 0.0020305725027547207, 0.0017722367734809123, 0.03719660386009749]]
 
>>>>>>>>>>FINAL LOG IS>>>>>>
[
0.0 ,
-171701.64154842673 ,
-136314.8485952206 ,
-136314.84757418046 ,
-136314.8465535339 ,
-136314.84553253956 ,
-136314.84451052232 ,
-136314.84348673007 ,
-136314.84246049993 ,
-136314.8414310909 ,
-136314.8403977866 ,
-136314.8393598445 ,
-136314.83831651238 ,
-136314.83726707616 ,
-136314.8362107605 ,
-136314.8351467975 ,
-136314.8340743625 ,
-136314.8329926896 ,
-136314.83190095273 ,
-136314.8307982733 ,
-136314.8296838068 ,
-136314.82855667063 ,
-136314.82741594335 ,
-136314.82626069718 ,
-136314.82508993804 ,
-136314.82390269698 ,
-136314.82269790923 ,
-136314.82147450477 ,
-136314.82023139435 ,
-136314.81896740582 ,
-136314.8176813483 ,
-136314.8163719524 ,
-136314.8150379682 ,
-136314.81367800405 ,
-136314.81229063394 ,
-136314.810874432 ,
-136314.8094278228 ,
-136314.80794918767 ,
-136314.8064368576 ,
-136314.8048890571 ,
-136314.80330390122 ,
-136314.80167945533 ,
-136314.80001366232 ,
-136314.79830436935 ,
-136314.796549283 ,
-136314.79474600122 ,
-136314.79289201228 ,
-136314.79098465573 ,
-136314.789021082 ,
-136314.78699832954 ,
-136314.78491326107 ,
]

 ------------------SCORING OBSERVATION 1 (FROM LATER OPCODES EXISTING FAMILY) ----------------------
-135615.18307314336

 ------------------SCORING OBSERVATION 2 DIFFERENT FAMILY ----------------------
-197660.91972787408

 ------------------SCORING OBSERVATION 3 DIFFERENT FAMILY ----------------------
-364935.35778439365

 ------------------SCORING OBSERVATION 4 DIFFERENT FAMILY ----------------------
-2762.164769558101

 ------------------SCORING OBSERVATION 5 DIFFERENT FAMILY ----------------------
-15590.726913888397
