>>>>>>>>>>FINAL PI IS>>>>>>
[0.0051682132828373825 ][0.03909821955438382 ][0.03265394702041355 ][0.002358225455702275 ][6.458136274928507E-5 ][1.249064013590016E-4 ][0.050828529298244995 ][0.0011781873799542111 ][0.34359295875841533 ][0.0010921215655107044 ][0.3498902219960843 ][2.4691692868540914E-4 ][2.382561132197758E-5 ][2.5147775031471247E-5 ][0.01797055996803426 ][0.005918921919116051 ][1.0440411409552845E-4 ][2.2781094843952963E-4 ][2.422662602820192E-5 ][1.2814986829479553E-4 ][0.002978360549575561 ][2.7873175127627556E-4 ][0.008101996944395846 ][0.010959290622911844 ][0.00251567147745228 ][4.3416879034686816E-4 ][4.6326058459074024E-4 ][0.004663898950449962 ][9.71875465048589E-5 ][0.08953634631816264 ][0.021580235580221974 ][0.004985413119565608 ][7.803063893652617E-4 ][0.0011477521262319849 ][7.573034142464149E-4 ] 
 
>>>>>>>>>>FINAL A IS>>>>>>
[[0.02977272340532049, 0.027688189376111085, 0.028530919680325808, 0.029612862856161607, 0.02793830850411005, 0.029235065254174252, 0.0284479543365354, 0.02790984475833768, 0.029771868935036343, 0.028696542811683635, 0.028288732878285754, 0.027349493793451182, 0.029526016322789717, 0.028499448013238837, 0.028962789502183894, 0.028064550454762787, 0.028577871065567407, 0.028416344449692824, 0.02818697283063898, 0.02909248041607417, 0.028823355141788094, 0.027753182843819047, 0.029241165760607615, 0.028993689217894497, 0.027914436375917288, 0.02796056376024051, 0.028119383944651476, 0.027938541915098147, 0.028705357945053144, 0.02972487293362047, 0.028279795834118878, 0.028744379373189185, 0.028653907842637553, 0.02799060262127191, 0.028587784845598645]
[0.02858694057679312, 0.028771185280018072, 0.028829011098384507, 0.02859040342259073, 0.027737293917286045, 0.027443754866055315, 0.029209328561550594, 0.028800806547371965, 0.028451344257494425, 0.027743540095354086, 0.02982490160204247, 0.027403165609879546, 0.02887255031360142, 0.02765900300424824, 0.02805521771868291, 0.0294241771289923, 0.027490451702348373, 0.028711118092341347, 0.028438658797951297, 0.028555248481973994, 0.02950521545564363, 0.027823401507825238, 0.028197965255767687, 0.027742981351798354, 0.028433029367750506, 0.028671888940863366, 0.02954047757246912, 0.02801455147951101, 0.027904705064244768, 0.030107262887204878, 0.028594094226377657, 0.0282455170829222, 0.029119572635857356, 0.029327831941646555, 0.030173404155357696]
[0.02828082078704535, 0.02943507207318554, 0.02808871041553198, 0.028720694919838155, 0.02908257198069799, 0.028109392993045407, 0.029697933949986818, 0.028879233346759726, 0.029676815451446313, 0.028839822813403648, 0.028510897695683542, 0.027289156503080968, 0.028967699621817673, 0.02802497888078767, 0.0296288308575087, 0.02851805927913769, 0.02751468975537809, 0.028787539310797586, 0.0284155069066799, 0.027989196537321938, 0.028773267369730213, 0.028064615597803932, 0.029484922209577193, 0.029677979148880065, 0.028438834550108177, 0.02890781525234788, 0.029259919303838096, 0.02942478247995943, 0.028413307808610497, 0.029689702999257755, 0.029424656036667985, 0.02932020233283616, 0.029359006399562033, 0.028657265719948387, 0.02064609871144844]
[0.028708486362699005, 0.028241461826855996, 0.028551281795816525, 0.028529762845739767, 0.027959950946850314, 0.02835301181503898, 0.02797941545671453, 0.027861467379083453, 0.029484851372466227, 0.02881670122374975, 0.02872578829453192, 0.027226074173668645, 0.02797488782527584, 0.028962104018735706, 0.028867252701545255, 0.028718265800449953, 0.027566200071005294, 0.028256120420431616, 0.028203706783211536, 0.028720925582450728, 0.028531252600271152, 0.02860917607383437, 0.028573993091206253, 0.028206168375491343, 0.029446141633288098, 0.027697080989224333, 0.027872045555626557, 0.028191690369767475, 0.02762144676810427, 0.028870190433859078, 0.02901004984233719, 0.029197955275790395, 0.02799174975001304, 0.028893373019101217, 0.03357996952575622]
[0.027875419863965852, 0.02902196897864151, 0.02919623914418565, 0.02943479939054341, 0.028554925056144213, 0.028788111618889018, 0.029550018082995243, 0.02894165196498931, 0.028887820024803404, 0.02780060527184742, 0.02903937021349532, 0.028869488081093787, 0.02973694400480167, 0.0283684842408318, 0.02836919062814703, 0.028543993390564727, 0.029348493642496285, 0.027902356240932395, 0.027755614007704547, 0.028471805510199937, 0.028859733950720865, 0.029102366177196234, 0.02953625182770163, 0.02907175913995173, 0.028564722005575974, 0.028314916583203807, 0.029555019620687958, 0.028816941429970697, 0.029513388644827977, 0.02791889216674459, 0.029229691334220206, 0.027814862133778158, 0.02928788971788224, 0.02949165268284977, 0.020464613227542616]
[0.028969397946247588, 0.029285194636063522, 0.028665970749031554, 0.028422886870822894, 0.029407972841461027, 0.02903602432436209, 0.0282234742869678, 0.027875964615053248, 0.028142723008505195, 0.029017361215797472, 0.028581165478255812, 0.028486392349892475, 0.028755322773536436, 0.028361532271568127, 0.029697140876468114, 0.028615010988932373, 0.02926571560253951, 0.028383359268352712, 0.0273705317705449, 0.028054438597680247, 0.02803425521037964, 0.029332389828561293, 0.0284040930920907, 0.029529229836546073, 0.028361908327590644, 0.027890300864796474, 0.028407159816740375, 0.027546860569417443, 0.028441891140322924, 0.02975121737030762, 0.02780893556754883, 0.029547094255246466, 0.028889140020429766, 0.028486776613716815, 0.0269511670145929]
[0.029366593660361602, 0.029428972426866762, 0.02941247225342025, 0.029352771290468777, 0.028986449513328946, 0.027920738202010815, 0.02998624889215867, 0.029244073659658754, 0.028936158867893576, 0.02768562093484981, 0.02833306562656855, 0.028320499863585397, 0.029161863774485486, 0.028594183395413163, 0.029216562019111336, 0.029435260284303953, 0.02915634152979923, 0.027588519346733738, 0.02802545973842166, 0.028153221853957022, 0.027853029149936242, 0.028370300251505005, 0.028016447540366047, 0.02943348295125642, 0.02803325395053171, 0.027610674414690325, 0.02891091318251592, 0.0279650647125816, 0.028311029105762355, 0.029163222468861483, 0.02777909727219417, 0.02901519886242547, 0.029336571098107608, 0.02919265073827014, 0.024703987167697904]
[0.028028219730420547, 0.028651566507971356, 0.028817826747753565, 0.028808532329098222, 0.028173922413812693, 0.028279501977012986, 0.028537763624525484, 0.029389129565911748, 0.029077134862986624, 0.027490701417981545, 0.02934577519232563, 0.02835270744568698, 0.028802016160122595, 0.028668844964505072, 0.0292666817011866, 0.028441226434309862, 0.028626398642536577, 0.027604166610322122, 0.028079506969316267, 0.027407002352375396, 0.02854227020131713, 0.028771603333114352, 0.027853069916431862, 0.028745666241563553, 0.028743715820957354, 0.02847714762108209, 0.029464816350075165, 0.028088752802260385, 0.02848801367234302, 0.029481342147843908, 0.029223583358788302, 0.028100649965395293, 0.028424499627493795, 0.029532526410809168, 0.028213716880440044]
[0.02801720375872407, 0.02927950185589416, 0.02907484928188844, 0.0286570652899738, 0.027941745710546965, 0.029099071627966922, 0.028289208916750384, 0.028655281160709978, 0.02951304776048872, 0.0285947234350353, 0.030145673993154848, 0.027610774881125056, 0.029056203679752042, 0.027245590832785983, 0.028752130083749078, 0.029097178222449598, 0.029111315047961116, 0.02842770409572267, 0.028300980871515637, 0.028126102318567388, 0.027739476076374853, 0.02762884081100147, 0.028503448487456975, 0.029396247013611865, 0.0286271992925664, 0.028392885038556567, 0.028061840976082338, 0.028069223580970998, 0.02821323167676755, 0.02890116283231237, 0.02876840146417644, 0.02900824636604801, 0.028929858102503096, 0.02910669853615057, 0.027657886921013713]
[0.02827985487571781, 0.027805632432552962, 0.028354395193128976, 0.028113185836704548, 0.027959566171329504, 0.029098137093040884, 0.028485791282249213, 0.02854857437982309, 0.02863822301715614, 0.02873745668485218, 0.028001126138562166, 0.027599251245312977, 0.028347915361423608, 0.027422917948369978, 0.028500796923327302, 0.028502288505932304, 0.028771751609962596, 0.02914861278000682, 0.027176062922645683, 0.028239533253139333, 0.029360679787660927, 0.02824921314970556, 0.02823980447040611, 0.02790486525010426, 0.029451815256296563, 0.028056084181826115, 0.029180783933262743, 0.02831272018210947, 0.027885789111866288, 0.028083258097736007, 0.027788479346496482, 0.028844116401690916, 0.02779517158499066, 0.02940994967404227, 0.03570619591649387]
[0.028519189419577297, 0.029143529619668485, 0.028191724706173395, 0.028642997455496325, 0.02922632735696545, 0.02752769138288342, 0.029780338961166365, 0.028904346430632884, 0.029697787558529063, 0.029229519298922518, 0.030070331611143686, 0.02826269941230422, 0.028439827140548324, 0.027005850521126296, 0.029210124629702534, 0.028979625645541508, 0.027176717209291924, 0.027587567146312556, 0.02770885722867179, 0.027611837969483244, 0.02894810248846395, 0.029018010016147882, 0.028496195934741453, 0.028045315832691396, 0.029314402379598148, 0.02911350728471326, 0.02809461704585728, 0.027906329061341956, 0.02887397621670919, 0.030499729525965212, 0.027886733248153685, 0.02910521448446616, 0.029335921526754096, 0.028538695347199113, 0.025906358903029954]
[0.027918518212026233, 0.028082367947696037, 0.027968588081777424, 0.02771553939762168, 0.029200484499518026, 0.02930703300736362, 0.02893990856222125, 0.028044645413240244, 0.028894007774014394, 0.028921478489900326, 0.029011375724583545, 0.027439645603370345, 0.02970261690847996, 0.027287942485587652, 0.028831214355338388, 0.028760498109554, 0.027811458336169416, 0.02841101651847996, 0.028295991912038264, 0.02887220260594826, 0.028886950895501796, 0.029098268195506004, 0.02969218579386031, 0.028741299545250627, 0.02815479338705723, 0.02776054598380558, 0.028355404973136288, 0.027813854561079522, 0.02854789614979377, 0.027943482768023564, 0.028862209455760696, 0.028360566540039395, 0.02879847942438144, 0.028354247014013647, 0.031213281367803276]
[0.029572627126768874, 0.028251919975560504, 0.027632266519538144, 0.02959987361837256, 0.02915097301402654, 0.029506233306522245, 0.02936740536943007, 0.029404761054722662, 0.029348935550221954, 0.02894213071452427, 0.027593529675512776, 0.028390757002199403, 0.028290354229707698, 0.028142653998514375, 0.029147159428856335, 0.02814314774706136, 0.029526857077171127, 0.029364738825431478, 0.028157721763192624, 0.029351404515564866, 0.02873530408384882, 0.028280647153923776, 0.029617192445559302, 0.0289365459618461, 0.028586886264950425, 0.028663455339670678, 0.02850039772005911, 0.028001289880919454, 0.0277537785917061, 0.02930672647455651, 0.028152176727529565, 0.02818369727915302, 0.027690680363358467, 0.027647380062573446, 0.025058391137024256]
[0.028804984237849354, 0.028614592054776473, 0.029467871466190766, 0.028783523326269846, 0.02793211600433821, 0.02893385959417722, 0.029405180901383044, 0.029099871286119183, 0.02825563478732544, 0.028053201903692808, 0.02953435448559531, 0.028841545926450635, 0.029753524516301515, 0.02737955896841861, 0.029403758712750947, 0.02758323338639899, 0.02881171781458362, 0.027753726387624182, 0.02786838944985631, 0.029208279687089143, 0.028982459750116523, 0.027934737647969197, 0.02956482906951558, 0.02791717946182541, 0.02782169432429468, 0.02873248035947854, 0.029193260749448367, 0.028115699257272555, 0.029332122324796282, 0.02929528173519611, 0.028279308465710556, 0.028505113164293484, 0.02898889674112534, 0.028042707356778947, 0.025805304695242705]
[0.02872707761262244, 0.028368260380113572, 0.029284170071020955, 0.029260825805210743, 0.028158218421264397, 0.028101927452758083, 0.028751829688815612, 0.028379993374144683, 0.028437466985153828, 0.027530070804954534, 0.030034675691571568, 0.02896956728264602, 0.02936218544730452, 0.02726955301265361, 0.029412672944329234, 0.028230106223804424, 0.027898018075518068, 0.027872599571802215, 0.028242678788413182, 0.02736563154884211, 0.028440173234318435, 0.02818467165746233, 0.02961159884934095, 0.029096879807512233, 0.0290805722318235, 0.02935137911941068, 0.027824408349856184, 0.028720580949500467, 0.02847419307852606, 0.028606345401247256, 0.028207739893945493, 0.02843230544949726, 0.02844890571965912, 0.02836975931887099, 0.029492957755878547]
[0.028834768344583057, 0.02946497345095154, 0.02844080484379701, 0.028889830858729863, 0.029046702276436718, 0.028782359558258804, 0.028430665055016242, 0.029431974794150585, 0.029365693688748706, 0.02843857735440358, 0.028287355716683713, 0.027767642482934184, 0.029076404824607372, 0.028355585667473333, 0.029409259596376625, 0.029073227180007016, 0.027647729736301876, 0.027841135462604628, 0.028302689772850376, 0.028862087682539558, 0.029388027279954737, 0.027591194482560935, 0.02801589464740304, 0.02929154883045464, 0.028368844370414776, 0.028401030814075887, 0.029035970582101413, 0.027667767001708865, 0.02757019119690974, 0.02903696131820258, 0.028073506713270722, 0.028915334553003234, 0.027718643025818338, 0.02799959326762591, 0.029176023569240754]
[0.02950193194491975, 0.028294281541003573, 0.0288582041281719, 0.029745217027792176, 0.028037036054850504, 0.02872020664248224, 0.02847902848378952, 0.028443164000325497, 0.029590584675444967, 0.027797853267044773, 0.02774310393430001, 0.02906445306364721, 0.02912366795254852, 0.02769815033924487, 0.028036923044302272, 0.028816563175296392, 0.02858663648233216, 0.02839225975158133, 0.028299987184185346, 0.028016113789990294, 0.02924450278624352, 0.028175084218113076, 0.02939615184282834, 0.029269063594874058, 0.028978788086899247, 0.02911440562823528, 0.028625187435368973, 0.029261426664058714, 0.028863321308955723, 0.028484298800192123, 0.02808384421284932, 0.029711535187488536, 0.027999572203244717, 0.02779222933489867, 0.025755222212255357]
[0.02977116310692169, 0.02901863857945211, 0.028668930652592458, 0.029603636905336586, 0.027695785201497392, 0.028305106880675317, 0.028165602470530175, 0.028387409735433515, 0.029310092165105855, 0.028683122943281295, 0.029576408030805152, 0.027713931368253963, 0.028475054274431557, 0.028209490760979068, 0.0287711231682929, 0.0275193381462858, 0.027568604560769896, 0.02900700262925358, 0.028771204636440322, 0.02778359766311865, 0.029370174718741305, 0.02894612021188453, 0.029283703650346597, 0.02875540970240457, 0.028081558154381764, 0.027906759155461175, 0.029053435233502633, 0.02854237837479418, 0.029055326891806846, 0.029090343950142712, 0.028329283003349564, 0.028039725524441752, 0.0283881385413046, 0.02776228796806615, 0.028390111039937025]
[0.029512452428148723, 0.028703430534594475, 0.028067711910166156, 0.02867090377646776, 0.028643340014731834, 0.028702579627451753, 0.028001830182545973, 0.02888389339254602, 0.028788702459039407, 0.028433628057980876, 0.028497198015072937, 0.029289330497022883, 0.029681103987618484, 0.027752893447508618, 0.029628916131459314, 0.02873868283659086, 0.02796545569207453, 0.02892496591550525, 0.02772444015275173, 0.028325182512174554, 0.028780666375822543, 0.029659511914665142, 0.02935489175739074, 0.029064933615766102, 0.029190906467711587, 0.028624905627901587, 0.029611369241332303, 0.029251035788719494, 0.028889619472313065, 0.028468056616924368, 0.02875342006877187, 0.02929172749292809, 0.027852181113646027, 0.027515822019567312, 0.022754310855236482]
[0.027962032773373727, 0.029233601833238646, 0.028763818932728148, 0.02876335165733471, 0.02965552596509329, 0.029255923873110302, 0.028701446299078472, 0.028705987200913732, 0.029458239658372763, 0.027374946050605645, 0.027731361234498514, 0.029320294503897632, 0.02912866449511747, 0.028461191624291553, 0.02885897971412365, 0.02807906957043729, 0.028758539762826028, 0.027809759384295696, 0.028869957601773775, 0.029095584502943438, 0.028999824708823847, 0.02953718984460796, 0.028907910349702495, 0.028569039970573504, 0.028072292180979345, 0.028298941172950905, 0.029780080707235815, 0.028725472510978622, 0.028307345889111067, 0.029314945214151605, 0.02860217681346439, 0.028058999072096035, 0.028078536851449187, 0.028849591206416263, 0.023909376869367793]
[0.029658057834210473, 0.0286812372349615, 0.02861116555988851, 0.028747149228695992, 0.027743985880952095, 0.028781957403869105, 0.028524671211359136, 0.028537322056572695, 0.028292744972600165, 0.02806895653747558, 0.029948700862663526, 0.028293466409372716, 0.028932178596303496, 0.0274383385193597, 0.028187449598872937, 0.028187760913664914, 0.028596744359792037, 0.02852017803217399, 0.027193977873918904, 0.02901249042144016, 0.028672475491625923, 0.028831725533315363, 0.028858469439066392, 0.027906393844548617, 0.02860859327170787, 0.02869955761384063, 0.02922394922522824, 0.028301330562180853, 0.029490107222985843, 0.028063592963630958, 0.027703444735980146, 0.028069407630190408, 0.029005623847613328, 0.02762373091369812, 0.030983064196256994]
[0.029278611853361648, 0.02742287295171839, 0.02774661252225101, 0.02801780825182285, 0.028034339687893168, 0.02804260199997759, 0.028870274938947792, 0.027768832339922674, 0.027983228493475634, 0.02842105314737517, 0.029189685705609834, 0.02747497368797614, 0.02936827164531609, 0.029012073960865952, 0.029139068996249646, 0.027670027726781364, 0.028717736623514806, 0.029151254506073407, 0.02796356006107568, 0.028896433257464577, 0.02765392405951947, 0.029144608794747073, 0.02956291158232759, 0.028943305256298957, 0.02931530142266248, 0.02892384886865381, 0.028107329576019933, 0.027721337261815315, 0.028379331690652862, 0.0283461100959269, 0.028114264413605553, 0.02961026151968877, 0.02813011963544371, 0.02932164272651964, 0.03055638073843181]
[0.02863708089671099, 0.02882237880022664, 0.028549494616326065, 0.028440125870871077, 0.02933738698186677, 0.02791566516797539, 0.029060326385533894, 0.028103492041953497, 0.028157956104472047, 0.028537100789168858, 0.029830034342765724, 0.0279061989016459, 0.028051010170059874, 0.027251082096388074, 0.029829182578771454, 0.028460941554158927, 0.028057301083434818, 0.028343373524751414, 0.028368872625569242, 0.02761026701211801, 0.029526159568632193, 0.029383706216142873, 0.029722676118050257, 0.028080287600252014, 0.02814032955273234, 0.028694707030781766, 0.02892249647489355, 0.0275341851086023, 0.029189311309665886, 0.029493697049300473, 0.027862630038135706, 0.029868004107119796, 0.02766765277873215, 0.02871716460878393, 0.027927720893336387]
[0.0291686595453243, 0.02799203066095965, 0.029671496640580757, 0.029520783956175467, 0.028942587817161768, 0.028241018394248755, 0.0298009628237451, 0.029195351958521874, 0.028537599498468926, 0.028122166292079538, 0.029295755559390672, 0.027528027946163432, 0.028902343928562866, 0.028205365307336975, 0.028536180570735654, 0.028007305326132232, 0.02863791431777118, 0.02930464965016057, 0.0285836710834824, 0.028090841472288325, 0.027812595548821265, 0.02941535609882019, 0.02829760618790879, 0.029428919010679257, 0.02953394964593572, 0.02776988878079586, 0.027865183531203812, 0.028273114115925438, 0.028991041917951026, 0.028200968475608983, 0.029441237527958554, 0.028477194609311498, 0.02810631649300916, 0.02862494747678724, 0.025476967829961186]
[0.028858943149055925, 0.028859320290286074, 0.029655233290030423, 0.028753863300746692, 0.02811156000020564, 0.028473976967913334, 0.028433661995331247, 0.027799119254373988, 0.029183696922445424, 0.028955113969598236, 0.028844765237912875, 0.0291002298093394, 0.029439352959095732, 0.02716201448392587, 0.02831335606905116, 0.02798564869516064, 0.028832577507629006, 0.028189458527100943, 0.0289321687486941, 0.02843559911312527, 0.028550441213658222, 0.02872538326862039, 0.02922617787700015, 0.027977308416337037, 0.028622178402266857, 0.028942316122116705, 0.02785113268765856, 0.02907396197298063, 0.027620728042589963, 0.028487869433700068, 0.02908227346871607, 0.028099777632053125, 0.028288529194618564, 0.02818718856768395, 0.028945073409158313]
[0.028033286497675176, 0.027646079880728987, 0.02770708959272542, 0.028505030760319894, 0.029454672887047444, 0.028561402864688994, 0.02907275551651278, 0.028420224885494418, 0.02863949888679867, 0.027433082985159705, 0.028885737262635144, 0.02874243685664133, 0.02899044988418045, 0.02828415129313163, 0.028161960655446863, 0.027710955270318905, 0.028013191905933096, 0.02813183213549935, 0.027660893693000295, 0.027977979526194595, 0.02865306419238962, 0.027689194116636038, 0.028999732642186058, 0.027606843582978335, 0.028027513632181443, 0.02821179512868276, 0.028308787033792884, 0.02791138790410099, 0.029319721096635918, 0.02827631622203517, 0.02816845871022985, 0.029155721341461976, 0.02785940749303994, 0.028439878226679007, 0.037339465437114396]
[0.028407534382621925, 0.027792000940271573, 0.027826253175443964, 0.027918451440015018, 0.02926852605397393, 0.027892322415242088, 0.02903914789763766, 0.027627651091998388, 0.028093983264068003, 0.02782688264703844, 0.028880979310550597, 0.027999479139161055, 0.029694270812158155, 0.02831829869732666, 0.02962544342400241, 0.02775985860572456, 0.029216871476558947, 0.028336178595909724, 0.028685992125978443, 0.028575181600753567, 0.02874906835578141, 0.029009339536096978, 0.02905981043291473, 0.028268960407799058, 0.02890927842631581, 0.028261232643089402, 0.02934437505112669, 0.027424018333586517, 0.027635767908882936, 0.02808964856526259, 0.02922288935068427, 0.029831075757234225, 0.027628089248694847, 0.029320499713339443, 0.030460639172653833]
[0.02856720009619946, 0.028674025712031287, 0.028034362665557522, 0.029277666152932875, 0.028997740547440688, 0.028980809573274896, 0.028563041389353366, 0.02777369744772063, 0.028793792888007003, 0.02849546212785649, 0.028776032004795934, 0.027603269238734175, 0.028405732144422213, 0.028271671127099312, 0.0298591936333774, 0.02781234573077018, 0.027750051442763848, 0.02814921551728344, 0.027184890902930747, 0.028297257866319928, 0.028313878991903085, 0.02910227926152915, 0.028982086687808703, 0.029276970228214773, 0.028885872012843514, 0.028239402708169596, 0.028461506155411046, 0.02896017500084068, 0.028782292480689083, 0.02871971746726803, 0.02780289121064173, 0.027950123837480682, 0.02935857401942601, 0.029393508790723912, 0.029503262938109294]
[0.028680845809004197, 0.027905867415303674, 0.029413294600841113, 0.027866102188591136, 0.029730483005907887, 0.029383506306158352, 0.027867704847366802, 0.029157832240119672, 0.028762686446075197, 0.028344506207921786, 0.02896189132079227, 0.027753366735510886, 0.029607274816456235, 0.02749412757623333, 0.028518795969299945, 0.028646727229576337, 0.028588282618150627, 0.02792099642851222, 0.028597071844315078, 0.027871434026108744, 0.0281048071865123, 0.02776463608580009, 0.028309536409929562, 0.0291667506065336, 0.02883823226802476, 0.02785144031841677, 0.02951018369713334, 0.028507041036281572, 0.02917946632519702, 0.029504635508981615, 0.028202485046427698, 0.029363425608522353, 0.028157266755193686, 0.027887785012033137, 0.028579510502485552]
[0.028777022347732013, 0.02875836465703465, 0.028938034916509512, 0.02929481011330947, 0.028362775981509342, 0.028569208914600998, 0.029280366587788414, 0.02845005550473684, 0.029942381937826563, 0.028599193561558437, 0.029145879059102216, 0.02769997682757436, 0.028321427183571436, 0.028688891058199377, 0.029873040826968948, 0.02814443050888736, 0.028130794678630614, 0.027167275742835426, 0.02722634569843945, 0.027801923781544356, 0.028586732464501562, 0.027428520144864042, 0.02775026561793991, 0.028841547074535262, 0.027888153833735274, 0.028681200411514268, 0.029174320315407953, 0.028537767568512513, 0.028385935172617123, 0.029454578544231877, 0.028946994588469572, 0.029664119121425945, 0.02904530309455553, 0.028900041034286235, 0.027542321124978435]
[0.029092143714413342, 0.0280232639290307, 0.029706510303727996, 0.02807940025037772, 0.028591553799313617, 0.029100611347759424, 0.02849354938715439, 0.028837086737980865, 0.02963703473761618, 0.02902823395038711, 0.03018488357736825, 0.028131833200579024, 0.028188142613314014, 0.027891144091008235, 0.028011224549221298, 0.029049809373736985, 0.028533805761289246, 0.028787564557327453, 0.028947663008277977, 0.028896899116059065, 0.02883327072502524, 0.027835090672659147, 0.028464674016491207, 0.029511327975449385, 0.02941719451589598, 0.028262249684288965, 0.028615195516571986, 0.02783948635087558, 0.028744720484708348, 0.028887935373940257, 0.028357904768466457, 0.028284228349054873, 0.027960255962065937, 0.028359132787347523, 0.025414974811140696]
[0.029003241304362673, 0.029142980657545524, 0.028749705901159328, 0.028594774852293118, 0.0278388419155059, 0.028156264356728793, 0.02955516146298264, 0.029329383087764997, 0.02877017188893436, 0.028047301115509692, 0.028069375984125296, 0.02908301004793575, 0.02798334133763675, 0.02804863610662525, 0.029160293838685312, 0.029425800261256983, 0.027602282553317373, 0.0281138183306697, 0.02764314204982942, 0.029064827641103637, 0.028714706138850507, 0.028076261797579057, 0.02977791364434298, 0.027674075152147593, 0.02820226960039255, 0.028712828262200583, 0.029089260585601098, 0.029279499002126414, 0.029152979550831383, 0.028885420206346848, 0.028440929201571662, 0.02968662726143618, 0.028785522868335914, 0.027532008924718635, 0.026607343109376236]
[0.028266107901529752, 0.029342678231229206, 0.028720781695706663, 0.029339508812568908, 0.02956894096780221, 0.029036646928136383, 0.028391486294204446, 0.027755344575201457, 0.02921499911587692, 0.028749851721968415, 0.029068809681825805, 0.027320792227858135, 0.028749311608977174, 0.02852215620327553, 0.02848036392248901, 0.02932544246122098, 0.027828515777000608, 0.027759700525653255, 0.02853316745955976, 0.02808854878875737, 0.027734937263481838, 0.028605660820872892, 0.028203601517370263, 0.028380965490980136, 0.027582100996726634, 0.027686098611511032, 0.028243576096366595, 0.02786489896463956, 0.02839228692266062, 0.02882336339130371, 0.028436801144249797, 0.028412124278228274, 0.028124604904501457, 0.029440880809880023, 0.03200494388638482]
[0.029212350310880885, 0.027792906653949994, 0.029560300054135197, 0.028028385792622526, 0.028347388963012768, 0.02838653895432754, 0.029333428785710464, 0.028074009530153186, 0.02999578392314484, 0.028921343235550172, 0.028146248354904067, 0.028969227343549744, 0.028869716008107327, 0.02730393020650611, 0.02838159112233863, 0.027658005841265116, 0.029367638889342323, 0.027532188704845677, 0.027304650459873202, 0.028017978678855738, 0.02965942502926182, 0.028705781414406946, 0.028452959458003673, 0.028578314726474794, 0.028246141047707445, 0.028602669291593316, 0.02784704761319048, 0.028434262682440883, 0.029261094890673047, 0.029776532025899916, 0.027745605356937153, 0.02806179416757197, 0.02886430799532855, 0.02911014080007886, 0.02945031168727834]
[0.029529406085844437, 0.027556188537371504, 0.028308924478943242, 0.027735774287837807, 0.028594052125136247, 0.027503724849093275, 0.028276147709032338, 0.028674354176969112, 0.027724839812105582, 0.029215582813132118, 0.028211428520376728, 0.02862287692681921, 0.02815833707660726, 0.028407013918645946, 0.02892850352532574, 0.02932723707268676, 0.029332550252139284, 0.02797063915063374, 0.028049891535967524, 0.028268206002359915, 0.02815861861998567, 0.027880881826448756, 0.0291207757566278, 0.028070888982806706, 0.02772718115072728, 0.02856453658363737, 0.02975344711908967, 0.02747860398903234, 0.028329806054039362, 0.02967791838764802, 0.02901171173312429, 0.029398333463068103, 0.028855068391922718, 0.028413527119834688, 0.031163021964893307]]
 
>>>>>>>>>>FINAL B IS>>>>>>
[[0.23682395494959016, 0.07602166027193252, 0.09998297816134993, 0.18469268501399688, 8.99283670534144E-4, 0.030723366256317487, 0.02891211297713287, 0.020696304811495415, 0.02562098055079383, 0.020318412357918834, 0.008965080762928292, 0.01955362419334004, 0.015583458881748447, 0.008873378790371068, 0.008627955511047112, 0.007499471536342632, 0.012013711061889865, 0.012474524468321396, 0.009753793371736699, 0.010397872314192515, 0.010576784180966952, 0.010178299363847124, 0.010566680787549554, 0.009502003455425657, 0.005246672261067513, 0.00207959510276712, 0.003748486086332092, 0.0058231342810407885, 0.0038331345128779994, 0.001177089489471729, 0.09883351056555424]
[0.2362094587343284, 0.07536759455736715, 0.10100738391561129, 0.17617856390764236, 9.114984005256693E-4, 0.030603370541540838, 0.028055645967470396, 0.02088423826242569, 0.025652434406760547, 0.0197449977407766, 0.00934845643238957, 0.020693430275189533, 0.015497740459293306, 0.009128174745995345, 0.008326894022621826, 0.007891065142178053, 0.012094064222467995, 0.012032574688349697, 0.010003827387650042, 0.010645718366654854, 0.01057728115760298, 0.010842664265972026, 0.010390377431079144, 0.009387912698929093, 0.005338418373571678, 0.002186758182744252, 0.003794019450092342, 0.005951859630018845, 0.003988578439173448, 0.0012654793185661256, 0.1059995188752735]
[0.23495746247757637, 0.07582765115302995, 0.10175951638242765, 0.17934728694127045, 8.812384997176614E-4, 0.029146806559673784, 0.028153052720521588, 0.020714638376080147, 0.026041720121530092, 0.019755255096302674, 0.009464240569020057, 0.020736520822730153, 0.014896010675238519, 0.008935955590522977, 0.008366947981088061, 0.007767469519761379, 0.012222137379910568, 0.012138932647497255, 0.009981701808868683, 0.010310699427758375, 0.01058927614708146, 0.010507181430546094, 0.010082210649579532, 0.009400949965112822, 0.005389674211673366, 0.0021690065470612954, 0.0038507138954497876, 0.005960509922666982, 0.003978562889185983, 0.0012082826619966441, 0.10545838692881937]
[0.24556280908347194, 0.07533049836727737, 0.09996909934817894, 0.1790188420183052, 9.056311351868092E-4, 0.030533532810556017, 0.028965786434949427, 0.020514805405598188, 0.025861818654640087, 0.019685410442233372, 0.00902518081675973, 0.02049801249119969, 0.014793305112585097, 0.009215010876561043, 0.008569310429190992, 0.007546679915288325, 0.012566029232640073, 0.012005641584273622, 0.009969150831777192, 0.010784106179401003, 0.010250842751062732, 0.010250798458902664, 0.010262142280306289, 0.009437960013124042, 0.0052105825682287185, 0.002189604869174187, 0.0037240524875371906, 0.005957209262013349, 0.0038501095938521055, 0.00120169877023035, 0.09634433777550254]
[0.2433149705500329, 0.07676740261293927, 0.10545991123029988, 0.1818976521076153, 9.195275548816713E-4, 0.030543602350131854, 0.029020625952755126, 0.021049113083907414, 0.026088114903212157, 0.01976144285175504, 0.009269038842039464, 0.02092496097503548, 0.015347360484303837, 0.00908435165873069, 0.008637531558002612, 0.0077200253758802455, 0.012640455039683893, 0.012597186401119597, 0.010265981630647823, 0.01032448766770998, 0.010407985022472303, 0.010663709058661411, 0.010282183562314551, 0.009413764769353461, 0.0055498133506181055, 0.0020982966719979824, 0.0037483336433342426, 0.005837178446678146, 0.00382772026315497, 0.0011934149484695504, 0.08534385743241185]
[0.2396870551158332, 0.07730319110446542, 0.10515691817737131, 0.1830670392709221, 9.277269671258242E-4, 0.030428647789377393, 0.029483105466996392, 0.020702002497749686, 0.025689652485850943, 0.020173243170643885, 0.009282490266297306, 0.02078606927609487, 0.015575200644995832, 0.009103678610441304, 0.00876655860065553, 0.007655378479370755, 0.012436319475258924, 0.0122178790642099, 0.009723350687023858, 0.010509642376784853, 0.010601702251483923, 0.010494577416760192, 0.010883415285166188, 0.009664036085433736, 0.005520489351653486, 0.002142090206843765, 0.0038627845506908603, 0.005946533430322127, 0.0038111415482665126, 0.0012671340926542986, 0.08713094625365038]
[0.2421567746976443, 0.07382613136738904, 0.10177415988618702, 0.17413233604009024, 9.123924517351589E-4, 0.02980571067699363, 0.02809424102570906, 0.020476038465410382, 0.026110066790238317, 0.019779735742333975, 0.00885575482632848, 0.02041164743440611, 0.014978199915135729, 0.00885714450058345, 0.008448322068125045, 0.007500889532706918, 0.012419555209477516, 0.011968531074545909, 0.009705102767391897, 0.010227570412585112, 0.01029658501002798, 0.010078689066639375, 0.010464828757812588, 0.009480463027670442, 0.00532417984730932, 0.0020940575877682363, 0.003852068688669014, 0.005853377804096329, 0.0038357340146815888, 0.0012201939404935793, 0.10705951736995446]
[0.24217783849883523, 0.07748718258696985, 0.10568252809527531, 0.17664192365118478, 8.875715618241099E-4, 0.029391364184636223, 0.028144332373927668, 0.020316427812136235, 0.025745631225864724, 0.019972506308196972, 0.00924562229891308, 0.020381098113274043, 0.01534337228442907, 0.009428720772960293, 0.008572899803586307, 0.007757583637363132, 0.012554752628996722, 0.012279932047057646, 0.009996405128961687, 0.010696544710145686, 0.010493063375606229, 0.010429402946403557, 0.010182544550017067, 0.009417458894736504, 0.005525277692303617, 0.0021802050130445504, 0.003778161727222586, 0.005990467996927465, 0.004015284620180155, 0.0011945997977242783, 0.09408929566139954]
[0.23802584679647795, 0.07583850875917428, 0.10010713659275039, 0.1728229835234646, 9.178009655213771E-4, 0.02925893342675148, 0.027460394897283854, 0.02103952529366576, 0.025520046122283185, 0.019300106049704214, 0.008852534328818164, 0.020299824774220696, 0.015117196773999607, 0.008894871831324964, 0.008611437386983004, 0.007725228571728281, 0.011952342663019972, 0.01176019749105267, 0.009875427933219442, 0.010123698397304093, 0.010282763183705882, 0.01003519963677849, 0.010369018463219658, 0.009045618517945232, 0.005298804070290408, 0.002150928443781707, 0.0036633606104536746, 0.005822829672417628, 0.0037589919332752936, 0.0012230863611631805, 0.11484535652859279]
[0.23657940474378505, 0.07701926234256526, 0.10537959609499808, 0.17936420335122477, 8.841482056839035E-4, 0.030785927294680472, 0.0292453058008867, 0.020235569705098547, 0.026233623778261925, 0.020546903515340564, 0.009204251988418424, 0.020820677499044222, 0.015302563718075106, 0.00916388907946634, 0.008483435195766905, 0.007806542222378856, 0.012468357559277686, 0.012453379036422487, 0.0101249443604676, 0.010401174925672965, 0.010683783590402332, 0.010393075162589518, 0.010673746450181007, 0.009176442642482957, 0.005500056529892745, 0.002202135164456215, 0.0039347067398916025, 0.0059821930946078565, 0.00393245825117693, 0.0012140405404287781, 0.09380420141635949]
[0.23616458643417684, 0.07500601230621323, 0.10039616070908969, 0.1738868929716945, 8.905610858030156E-4, 0.02998260009292915, 0.02755852443671893, 0.0201009145806314, 0.025190348061043658, 0.01954873342875318, 0.009345742048820578, 0.02017358427943545, 0.014978628016148713, 0.009022159627261567, 0.008482170442410807, 0.0072995194464274766, 0.012218046695106887, 0.012463801927398458, 0.00991575442769139, 0.010470241471551005, 0.010174198374581783, 0.010623556774780054, 0.010085550475149916, 0.009040644123837307, 0.0053023059499469, 0.002160819307314753, 0.0036974767620473604, 0.005538453544397956, 0.003966290681889674, 0.0011739259772745154, 0.11514179553942475]
[0.23555450218277987, 0.07468320950925951, 0.104674386412489, 0.18655938216786344, 9.296715942027965E-4, 0.030877632375985193, 0.028646369843035112, 0.021495005895734384, 0.026770288068452195, 0.019639095831482534, 0.009261442125733087, 0.020972945943380356, 0.01587184668796737, 0.009489453041448425, 0.008827169116436556, 0.007982452502237416, 0.01255310011241691, 0.012104161534436815, 0.01006806661527714, 0.010349960724180245, 0.010709106833853005, 0.010492561480681527, 0.010514754637290524, 0.009489687784585088, 0.005584132376206844, 0.002177708842937946, 0.0037995188319939785, 0.005842854266952339, 0.0038575747750288106, 0.0012443534359772028, 0.08897760444962143]
[0.24700738306890863, 0.07681505142237006, 0.10274875262248445, 0.1847136745125703, 9.035273104225359E-4, 0.031088403722411867, 0.027749920628174912, 0.020185245179265666, 0.02588620576054533, 0.02031866830770036, 0.00938698952709442, 0.02068363617958402, 0.015545331804310133, 0.009138036229300275, 0.008695896567455808, 0.007606072786402362, 0.012277404745072879, 0.012496365741971983, 0.010255634533778465, 0.010537806031446403, 0.01052723857547015, 0.010570670308427014, 0.010627516532055743, 0.009580250364559452, 0.0055132383670147495, 0.0021540221250551405, 0.003878102613337992, 0.005652315371431653, 0.0037992152018942443, 0.0011873202717534983, 0.08247010358731771]
[0.24017427230294963, 0.07850783549160466, 0.10366382963755987, 0.18132629788219434, 9.272682058436096E-4, 0.030900291457901578, 0.0298051672353771, 0.021350887240591, 0.0268582021344571, 0.020637876932663318, 0.009658699225794395, 0.020835407879556626, 0.01533237962989095, 0.00933283342443115, 0.0086942217101058, 0.007927751527385672, 0.012608285251818688, 0.0125785417127379, 0.010178664137015262, 0.011040581079412677, 0.011006337981451833, 0.010532201441278503, 0.010950690166654264, 0.009342783129377235, 0.005620782007531055, 0.0022367045882181486, 0.003917788848631697, 0.006092182922943132, 0.004003569666392401, 0.0012640945539378321, 0.08269357059453612]
[0.2380942443281961, 0.07340969599551031, 0.10157277896559551, 0.18214637863159325, 9.141477500778407E-4, 0.03037138091928571, 0.029088712489614477, 0.01995371867439749, 0.025441936401782845, 0.019164843567776584, 0.009063690979549168, 0.02023146132472236, 0.015555549711585093, 0.009255483986256204, 0.008253769248421885, 0.007339855048231852, 0.012441690512811283, 0.012004503547718383, 0.010155599809389591, 0.0103870218155133, 0.010358751776915927, 0.010559187434140608, 0.010030570349279148, 0.0090427786154009, 0.005191688105080612, 0.002126127351345638, 0.0038057505211960122, 0.005849649587717091, 0.0037768907167028197, 0.0011830980183129187, 0.10322904381563529]
[0.23503426865902055, 0.07354633648651583, 0.10490387690198004, 0.1815665177583301, 8.92749425972278E-4, 0.030041428563192044, 0.028760134757048358, 0.020276649727235165, 0.025720942924519853, 0.01979583435989628, 0.009365958362003468, 0.02063116395532633, 0.015538654723961334, 0.009044295635078447, 0.008260974962633979, 0.007571624568179255, 0.012345870182633589, 0.012542773162465411, 0.01024594207644486, 0.010699872052719647, 0.010789475702812095, 0.01041436938097794, 0.010626889954062874, 0.009355569604899321, 0.005512287511548493, 0.0021914576513481073, 0.0037765416931966663, 0.005986689503604524, 0.003886419372702912, 0.0012384517773236204, 0.09943597860252575]
[0.24446675663253978, 0.07541131240515071, 0.10423972145509051, 0.181592005483718, 9.283547986970611E-4, 0.030067483332145494, 0.029286530750276565, 0.02085270595902919, 0.026446505463801992, 0.01978021297080102, 0.009252298640829973, 0.020620897455458906, 0.015360309834306902, 0.009003671178688692, 0.008734889340431633, 0.007871859614813834, 0.012294427508499024, 0.012331163258272807, 0.010019882367779086, 0.01084797001850903, 0.01067406579015777, 0.010600559828842856, 0.010721863704735535, 0.009514388520302676, 0.005422825077805714, 0.0021786716363946905, 0.003933201646788942, 0.005900992635854035, 0.0038124302795525616, 0.0012354381131828521, 0.08659660429724639]
[0.23682663902012377, 0.07769940996858282, 0.1023101248030371, 0.18477323027752243, 9.197023104247676E-4, 0.03034485760616219, 0.029518505044331764, 0.020388931664706872, 0.027234586334993226, 0.02047403046131823, 0.009327497280370642, 0.019942912454965107, 0.015187893455469031, 0.009425748595982398, 0.008436266114830742, 0.00776423089474072, 0.012801905494481002, 0.012666863402379389, 0.010240496702819528, 0.01071376541434565, 0.010740419138140295, 0.010253118198063866, 0.01048801670266748, 0.00974952577728789, 0.005383257564883772, 0.0021499477836057815, 0.003953613591282963, 0.005914919026876812, 0.003968219640660087, 0.001246012784646755, 0.08915535249030461]
[0.23645637399992778, 0.07606438308387543, 0.10673468424356601, 0.18658109406202772, 9.481677192719046E-4, 0.030629982082467474, 0.029032570216635658, 0.02097381165874847, 0.027181103384498497, 0.020254566790139508, 0.009640026676203737, 0.020782567182085817, 0.0156456013330555, 0.009598940995041072, 0.008481402168343297, 0.007820777816412968, 0.012701210309548237, 0.012717064882085105, 0.009870937405237838, 0.010495116013644704, 0.010816267207256928, 0.010718827021575237, 0.010733142163024583, 0.009761901183710012, 0.0053540862796296945, 0.002226613041348529, 0.003949293227811776, 0.005836246596342834, 0.003963027496096527, 0.001258983269450888, 0.08277123049109203]
[0.2365363422274325, 0.07652896581820155, 0.10309296598287253, 0.18705077446411358, 9.323868782861807E-4, 0.030665645643919638, 0.02845293458290056, 0.02156772167415565, 0.026240246618507265, 0.01996519514223383, 0.009584476128922501, 0.021064817165544644, 0.015044228410695578, 0.009401870246928175, 0.0088587363277761, 0.007777165652618141, 0.012854987187997971, 0.012378953393950407, 0.009903985466019035, 0.010787222326367491, 0.010701178567409542, 0.010911465389666827, 0.010638134065429905, 0.0092185508871567, 0.005601480523630138, 0.0021289064939415507, 0.003914038276096448, 0.005790203030065687, 0.003933940418281092, 0.0012696850148223992, 0.08720279599396848]
[0.24100873340790485, 0.07501696957052692, 0.10376035520996833, 0.17934587826410064, 9.110652387422814E-4, 0.031002016989806678, 0.027883540327881977, 0.020262536149048587, 0.02622233200339607, 0.01982462102903382, 0.009129013574160476, 0.02012299776428471, 0.015415302478263245, 0.009137852938498071, 0.008268768323157547, 0.00785685184398193, 0.01268409999744431, 0.012062319591597655, 0.010083552631931662, 0.010219266090574594, 0.010658280202435682, 0.01052398874762742, 0.010173411268619797, 0.009297097835769083, 0.005341416707768277, 0.002153914438016071, 0.003866963778911737, 0.005881568925889735, 0.0038359049249670207, 0.0012202294450828933, 0.09682915030060142]
[0.2378194057803661, 0.07511999384757939, 0.10248502735470745, 0.18813317496418, 9.253039115711026E-4, 0.030797900934563714, 0.02819668377865581, 0.0210421864068069, 0.02698106373668782, 0.020151878303113064, 0.00914989322492465, 0.019943047280038526, 0.015573846404874669, 0.009325785902793406, 0.008751240206612785, 0.00786936864233344, 0.012660946449285417, 0.012003735105886306, 0.009951626869897633, 0.010426665943653712, 0.010531575171634935, 0.010612829697847425, 0.010794146352289946, 0.009149124121842551, 0.005396971474409483, 0.0020976706284473066, 0.003689620260729334, 0.005987981947571424, 0.0038499075046801077, 0.0012351732781843826, 0.08934622451387288]
[0.23636907367531867, 0.07284071438009546, 0.10249864431971226, 0.1848942411789848, 9.237685012937407E-4, 0.029330963651922632, 0.02880887616614081, 0.02053134653082757, 0.025995587471986832, 0.020264096404531466, 0.009452167136049523, 0.0207504112631368, 0.014824713726492012, 0.008881752582699345, 0.008444233814119174, 0.007604225261934167, 0.012594214952765446, 0.01220433021039173, 0.01005835763404404, 0.010279168856638194, 0.010192166895235345, 0.010486168703706058, 0.010429140423579963, 0.009351878595396329, 0.0052415921802493595, 0.0020762417958466325, 0.0036955027852386014, 0.00571589324816556, 0.0038773910155560803, 0.0011842926471853665, 0.10019884399070668]
[0.23200383264217225, 0.0741050410467856, 0.10526958691990358, 0.18351752548307973, 9.095369597256851E-4, 0.03010593637532432, 0.02886527642447293, 0.020115317158743515, 0.025878995029160152, 0.01949858929458373, 0.009431464732625421, 0.019781639332811126, 0.015721233410860895, 0.009221636691033446, 0.008281002755553669, 0.007395696864642637, 0.012494804992445707, 0.01260200880175492, 0.00969611379857954, 0.010210570391512743, 0.010552389987736947, 0.010660897631843537, 0.010650060372627949, 0.00944140933193751, 0.005428399144094498, 0.002153613324897998, 0.0038077514742300435, 0.005723061235206335, 0.003804193349611191, 0.0012314400731189743, 0.10144097496884251]
[0.2373971610041624, 0.07396575395449043, 0.10156279280615382, 0.1840074553011427, 8.848769573730187E-4, 0.029440217814037044, 0.029383502048602385, 0.02107370718220699, 0.026622116759555833, 0.019650631519538928, 0.009370767273961347, 0.020890199439183597, 0.015170671228835132, 0.009440347309486471, 0.00824949034430784, 0.007811675509029817, 0.012649306677803647, 0.012380793196623769, 0.010107123302129161, 0.010461819602487531, 0.010562703863958602, 0.010448013203405233, 0.010330818729896912, 0.009576216177170492, 0.005204837166960893, 0.0021609924701618444, 0.0037906629579404143, 0.005714849972682073, 0.0038751762972316045, 0.001252846895998565, 0.09656247303365426]
[0.24628190560257068, 0.07319451817381632, 0.10222118640839303, 0.18189460419780104, 8.961073847635506E-4, 0.0297610408021073, 0.027929870303798725, 0.02065494501526623, 0.026531766187277567, 0.019847485954689693, 0.009415583317156154, 0.020592031454848548, 0.015033259031964877, 0.00940296798599519, 0.008458472828285815, 0.007498948237729618, 0.012667482750268582, 0.012242489472217804, 0.010063387446620616, 0.01082802015026023, 0.01082183289429735, 0.010742250171470055, 0.01034672235756343, 0.009434233068687984, 0.005502925377695993, 0.0020898746966611106, 0.0038226694221460923, 0.005854528441048176, 0.003902238037772643, 0.001197601418197611, 0.09086905140884226]
[0.2414616109290959, 0.07647680787982666, 0.10168858412327207, 0.18621657663691452, 9.246153693379964E-4, 0.029437658529250205, 0.028410796816215587, 0.02055174436253309, 0.026465330535904497, 0.019906748570893855, 0.009351609562231538, 0.019665130718821016, 0.015477317857803563, 0.009353912360004157, 0.008408291645874056, 0.0075468804819045585, 0.01239274629652524, 0.011899336520454178, 0.010133190503488656, 0.010688478983927167, 0.01030001503183196, 0.010544063123939879, 0.010302050859302565, 0.009472776354916583, 0.005448595880946362, 0.0020835776889946388, 0.0037086936159309667, 0.005809451770953479, 0.003780581517881542, 0.0011820034312569265, 0.09091082203969349]
[0.23618732597604158, 0.07653004849370111, 0.1009529176787902, 0.18146778199934382, 8.98246090556497E-4, 0.030551385222542776, 0.028598301566869662, 0.021066750562778975, 0.026360960895864784, 0.019404669825566347, 0.009322125607705458, 0.02023780470207658, 0.015377082928275606, 0.00916859795502651, 0.008440953510509828, 0.007880757137628617, 0.012251838881322308, 0.01231910911737351, 0.010031145903921799, 0.010533966215545408, 0.010835095179435875, 0.010744866066681284, 0.010507156495873067, 0.009447550477894168, 0.00544193698850876, 0.0021450592295270262, 0.0038760700139801167, 0.0058578240805155285, 0.003931337274219562, 0.0012174679169468646, 0.09841386600493131]
[0.24558816506322012, 0.07610296770266362, 0.10474477686684872, 0.17954214426620851, 9.232473231132733E-4, 0.030329953871748513, 0.029182760812048684, 0.021293453558586226, 0.02718020077064528, 0.01976103530997757, 0.009254956622768618, 0.02027149988229631, 0.015314767908948947, 0.009418904564673512, 0.008655348498501705, 0.007794027174610657, 0.012189329069035226, 0.012050528159330687, 0.010052224400564193, 0.010737297594043842, 0.010552263318947286, 0.010603200383639768, 0.010322616943642917, 0.009487202000085833, 0.005284690579573299, 0.002183347326384749, 0.0037378291902276455, 0.005890236469579337, 0.003937668972238514, 0.0012131858221635138, 0.08640016957338685]
[0.24340685797161693, 0.07453704306087751, 0.10170039123303266, 0.17160648710535809, 9.199166860332414E-4, 0.02916662896291026, 0.0275835666547439, 0.020062378883885536, 0.026558799115627574, 0.01945932745975332, 0.008908743536160321, 0.020429843948658266, 0.015112668521832354, 0.008929523087781225, 0.0085127373508178, 0.007543028838784699, 0.012039890857643816, 0.012086866385731707, 0.009873241581666888, 0.010238641267217768, 0.010136163471429689, 0.01020734427187803, 0.0103066092583311, 0.009495386415834955, 0.005202560178019023, 0.002090297169137213, 0.0037533566791166355, 0.005829262367626675, 0.0037830125292034706, 0.0011728563757788866, 0.10934656877341686]
[0.23519452318016842, 0.0751757830484657, 0.10062200754613536, 0.18209963891233577, 8.83407334686326E-4, 0.02962656696149091, 0.027676326597822373, 0.020361164350643314, 0.025689767004700235, 0.020287568950859834, 0.009453140145199629, 0.020512440870982546, 0.015398603800375478, 0.008934245977836633, 0.008565918922248542, 0.007627063059059567, 0.01247410879484856, 0.012509495352452028, 0.009781006542105676, 0.010218973723981718, 0.010325219116247892, 0.010477379119894334, 0.010326784818182439, 0.009631053619479808, 0.005497583931495871, 0.002138548937282493, 0.0038847250282519757, 0.0057976446693135154, 0.0038238928212544305, 0.001253009388525445, 0.10375240747363572]
[0.2399613221359108, 0.07409401676628546, 0.10123365215791462, 0.1831838602763115, 8.950078083908551E-4, 0.03057229807799602, 0.029011642227224993, 0.020242123921831015, 0.025405797353620866, 0.019790769252471314, 0.00941787059898473, 0.020146490549260966, 0.015082797017999682, 0.008915018490271114, 0.00823154341851559, 0.007391681327064299, 0.012143748224609294, 0.012539643487492898, 0.00998015446369996, 0.010671239049612941, 0.010709724706321316, 0.010207007844487732, 0.010284873168818168, 0.009078278903125146, 0.0054202085984972155, 0.0021585115702911642, 0.0037054679725873597, 0.005706329364987213, 0.0038909878675638877, 0.001189487845839914, 0.09873844555176825]
[0.24770581459163737, 0.07420650939564649, 0.10200887789421718, 0.17710938301375104, 9.313311201408568E-4, 0.029974278612359396, 0.02788825464393831, 0.020601644686303305, 0.026754937240534026, 0.020412406374904657, 0.009146379257583704, 0.020242041850097113, 0.015564994107659718, 0.009362961126955453, 0.008605574562357486, 0.007758735192226493, 0.012783904401297135, 0.012484084242557985, 0.009882952847960676, 0.01065220346016994, 0.01036783275512635, 0.010259111828370079, 0.010462894798148378, 0.00933235604044801, 0.00548032347498185, 0.0021930888309663883, 0.003885190443778361, 0.005894065616110763, 0.0038335205042327454, 0.0012630011601083549, 0.09295134592542775]
[0.23983773045255535, 0.07725872901776369, 0.10679835688726982, 0.17556976523512507, 9.236842968532756E-4, 0.029486069390745277, 0.029438078843850746, 0.021101269584198522, 0.025835518974305246, 0.020042343148684614, 0.009325352235728468, 0.021025367957959687, 0.015138442183794657, 0.009130368962688231, 0.008804782100732067, 0.007538050572672011, 0.012193634628320965, 0.012349996618373441, 0.010084105064989534, 0.010775819640624696, 0.010768663681501804, 0.010240290869990228, 0.010439756735521943, 0.009471840954756408, 0.005357950844547702, 0.0022271193752164517, 0.0038060951529829516, 0.005696493766651174, 0.004026515126057714, 0.001214702817866332, 0.09409310487761477]
[0.24099239459829674, 0.07486689788709748, 0.10538745089799227, 0.18415155997004112, 8.672113853560007E-4, 0.02953233044977122, 0.027729494591930425, 0.020789254057917084, 0.02638540738696247, 0.019624283304320696, 0.009304809311648813, 0.01977603435983389, 0.015173634477660064, 0.009318592793875593, 0.008398400289188646, 0.007535610473878568, 0.012047041243857033, 0.012232974649234663, 0.009975657725634919, 0.010183959754565586, 0.010375962876429685, 0.010517581970282753, 0.010537138143296728, 0.009330120822821156, 0.005381406204169573, 0.0020799737202914985, 0.003752333278260216, 0.0058777078186143345, 0.0038593185337985505, 0.0012125752062543225, 0.09280288181659158]]
 
>>>>>>>>>>FINAL LOG IS>>>>>>
[
0.0 ,
-343610.33981471416 ,
-259265.769186738 ,
-259265.75942283173 ,
-259265.7496525032 ,
-259265.73991003307 ,
-259265.73022884494 ,
-259265.72063955583 ,
-259265.71116970532 ,
-259265.70184222693 ,
-259265.69267601246 ,
-259265.68368428768 ,
-259265.67487643732 ,
-259265.66625637672 ,
-259265.65782389365 ,
-259265.64957497027 ,
-259265.64150205336 ,
-259265.63359457426 ,
-259265.6258400797 ,
-259265.6182235656 ,
-259265.6107290849 ,
-259265.60333929877 ,
-259265.59603606784 ,
-259265.5888012217 ,
-259265.58161608133 ,
-259265.57446134745 ,
-259265.56731853762 ,
-259265.56016848618 ,
-259265.5529925258 ,
-259265.54577188767 ,
-259265.53848754615 ,
]

 ------------------SCORING OBSERVATION 1 (FROM LATER OPCODES EXISTING FAMILY) ----------------------
-299181.97077437595

 ------------------SCORING OBSERVATION 2 DIFFERENT FAMILY ----------------------
-208229.05825711362

 ------------------SCORING OBSERVATION 3 DIFFERENT FAMILY ----------------------
-419401.18185367197

 ------------------SCORING OBSERVATION 4 DIFFERENT FAMILY ----------------------
-3062.5317097936077

 ------------------SCORING OBSERVATION 5 DIFFERENT FAMILY ----------------------
-15992.095220539046
