>>>>>>>>>>FINAL PI IS>>>>>>
[0.19471605195954392 ][0.2130347291938175 ][0.1919316400574314 ][0.20492706186810178 ][0.1953905169211053 ] 
 
>>>>>>>>>>FINAL A IS>>>>>>
[[0.19852596339833728, 0.19904872651670957, 0.20052453558687036, 0.20376666536667443, 0.1981341091309145]
[0.19818687829609627, 0.19888001933000043, 0.2016432945037793, 0.20397562486177187, 0.19731418305314832]
[0.19755098028886214, 0.19913283932563666, 0.2010550595973387, 0.20421069071387007, 0.19805043012126775]
[0.19720987704786358, 0.1975573813503262, 0.20207105374381207, 0.20412799910675564, 0.19903368878390065]
[0.19838259408720615, 0.19887941525850644, 0.20228998934438158, 0.20416192652771603, 0.19628607481233862]]
 
>>>>>>>>>>FINAL B IS>>>>>>
[[0.9996250301893516, 3.437069660502107E-5, 6.827792986871047E-5, 1.7614385210474322E-5, 1.511918664922968E-6, 1.6456565404597256E-5, 1.733789524229076E-5, 1.2350967423370624E-5, 1.2421399511705128E-5, 1.002623649902513E-5, 5.8746409869865645E-6, 1.3464793264618369E-5, 1.5289969367720617E-5, 4.766429879714273E-6, 3.917711545657492E-6, 3.0306410227685246E-6, 1.0173671093682347E-5, 6.351371449813409E-6, 5.783980434114102E-6, 8.848615642742744E-6, 1.0481844150228909E-5, 4.8275588408605625E-6, 9.927558855092932E-7, 2.9135007538702016E-6, 3.4119082429293386E-6, 9.472649913648915E-7, 4.344526303440021E-6, 4.767046350472396E-7, 3.320057951280627E-6, 4.750124708275641E-7, 7.490885730523694E-5]
[0.9996205714207858, 3.2605319380913274E-5, 6.902287207638698E-5, 1.7655763598336986E-5, 1.446096572043346E-6, 1.607476015272906E-5, 1.6722770069953825E-5, 1.1981423221967559E-5, 1.2929083862755208E-5, 9.454290369740479E-6, 5.7189355418751134E-6, 1.2866895376539503E-5, 1.537253678201642E-5, 4.913434941796088E-6, 3.873039337796214E-6, 2.8790808363125764E-6, 1.0185108008505023E-5, 6.167084972485084E-6, 5.786418968378249E-6, 8.835948759965715E-6, 1.0843539072010496E-5, 4.875655860725912E-6, 9.837949997455702E-7, 2.9673469279548984E-6, 3.4607244394274226E-6, 9.849666273753665E-7, 4.262974466383243E-6, 4.881550929492804E-7, 3.4772096510716817E-6, 4.815072362515122E-7, 8.211184203056474E-5]
[0.9996367366724548, 3.209772910644267E-5, 6.516599494622817E-5, 1.705770080122257E-5, 1.4193102307933806E-6, 1.5609717947268177E-5, 1.634219608347312E-5, 1.2014085661101892E-5, 1.2666650095160282E-5, 9.69441258023509E-6, 5.894693345775203E-6, 1.2691934430293927E-5, 1.5108676572255806E-5, 4.9373584453031195E-6, 3.854500570070349E-6, 2.8895671207167423E-6, 9.946830038396093E-6, 6.290864641389204E-6, 5.898582813621525E-6, 8.699063348173328E-6, 1.0665961424287366E-5, 4.8742947954897756E-6, 9.297043077605429E-7, 2.8964910796315275E-6, 3.2509945567828164E-6, 9.612810828833162E-7, 4.413820477467891E-6, 4.674805945122821E-7, 3.4247015881835447E-6, 4.862326264635954E-7, 7.261249625813895E-5]
[0.9996348498584766, 3.3347854358283255E-5, 6.431215047143505E-5, 1.721377849239806E-5, 1.4102272384928842E-6, 1.5503406747668204E-5, 1.6863341539652436E-5, 1.2056165558468493E-5, 1.2001697014263373E-5, 9.310042593913045E-6, 5.672584390963629E-6, 1.292331921008166E-5, 1.4296905330405722E-5, 4.7130076815995086E-6, 3.744421105817898E-6, 2.835364982631318E-6, 1.0148293235066562E-5, 6.232096088423843E-6, 5.6770103781491585E-6, 8.376431088868721E-6, 1.0500842395666814E-5, 4.697484276414259E-6, 9.448786923173728E-7, 2.818595316825556E-6, 3.3550529759605015E-6, 9.543693583580977E-7, 4.317055234739581E-6, 4.816032913364838E-7, 3.3806595856588734E-6, 4.82315278086583E-7, 7.657918765077735E-5]
[0.9996294827917264, 3.408771672590217E-5, 6.62796344555634E-5, 1.7330087511802545E-5, 1.4526423570485632E-6, 1.5997423476039692E-5, 1.7194788956923767E-5, 1.1919692616587983E-5, 1.2728403836599388E-5, 9.78240804671453E-6, 5.795275616354123E-6, 1.3209852007054549E-5, 1.474594477301914E-5, 4.799288109372118E-6, 3.9167412498626515E-6, 2.844352414344214E-6, 1.0218568317806574E-5, 6.326914149103354E-6, 5.809696931678138E-6, 8.67981152170554E-6, 1.059212069924025E-5, 4.8563290141560844E-6, 9.75748192711485E-7, 2.8831761328281687E-6, 3.413920400063176E-6, 9.781395743262983E-7, 4.377052054442296E-6, 4.991934075014224E-7, 3.2858815677866208E-6, 4.877242651806635E-7, 7.504867991434636E-5]]
 
>>>>>>>>>>FINAL LOG IS>>>>>>
[
0.0 ,
-7152784.140371438 ,
0.0 ,
0.0 ,
0.0 ,
0.0 ,
0.0 ,
0.0 ,
0.0 ,
0.0 ,
0.0 ,
0.0 ,
0.0 ,
0.0 ,
0.0 ,
0.0 ,
0.0 ,
0.0 ,
0.0 ,
0.0 ,
0.0 ,
0.0 ,
0.0 ,
0.0 ,
0.0 ,
0.0 ,
0.0 ,
0.0 ,
0.0 ,
0.0 ,
0.0 ,
]
TESTING AFTER TRAINING: 

>>>>>>>>>>FINAL PI IS>>>>>>
[0.0012626129672316721 ][0.9935461182507465 ][3.250453324096907E-4 ][0.003542170276600147 ][0.0013240531730120352 ] 
 
>>>>>>>>>>FINAL A IS>>>>>>
[[0.1985263859086025, 0.19904794727737804, 0.20052466721405848, 0.2037666226757813, 0.19813437696508596]
[0.19818691811484834, 0.19888612286398252, 0.20164061706594824, 0.2039733225980763, 0.19731301940843032]
[0.19755108593614948, 0.19912916580039794, 0.20105681091195773, 0.20421185187257537, 0.19805108548831482]
[0.1972097940865991, 0.19755478985755492, 0.2020723313659004, 0.20412891704291974, 0.19903416768276835]
[0.19838276607085117, 0.19887768589047805, 0.20229071413717223, 0.20416238196316708, 0.19628645190115765]]
 
>>>>>>>>>>FINAL B IS>>>>>>
[[0.9996314834725708, 3.443077947825702E-5, 6.84166715551295E-5, 1.764953657113418E-5, 1.5168143329243058E-6, 1.6499947014481095E-5, 1.7375572349027468E-5, 1.237268935846339E-5, 1.2455383703946832E-5, 1.0048890877520039E-5, 5.8871345990114135E-6, 1.3482709221042408E-5, 1.5330401249579733E-5, 4.777193662363522E-6, 3.922006804634464E-6, 3.0366429235761936E-6, 1.0199162189585342E-5, 6.373674246505297E-6, 5.798488125421731E-6, 8.86884177704397E-6, 1.0509617247765258E-5, 4.835947433223994E-6, 9.95249816907778E-7, 2.9208525936067104E-6, 3.413521769276968E-6, 9.481315522518351E-7, 4.357851635686621E-6, 4.770102860630256E-7, 3.3258942265846723E-6, 4.761203924035738E-7, 6.781379047638701E-5]
[0.9995914457449557, 3.262057270420025E-5, 6.909103654147845E-5, 1.7668150239424174E-5, 1.448062029391794E-6, 1.6094403386506803E-5, 1.673171097488821E-5, 1.1987631775100272E-5, 1.2937972601181423E-5, 9.46114072230133E-6, 5.724835815592998E-6, 1.2871991197191093E-5, 1.538680831580171E-5, 4.918343967792E-6, 3.874374868288861E-6, 2.880565385579026E-6, 1.0194291734385882E-5, 6.1744818154715175E-6, 5.788657567837314E-6, 8.842383959766028E-6, 1.0851654337163325E-5, 4.877841317943106E-6, 9.841753547829407E-7, 2.9688607650648327E-6, 3.4619802313174553E-6, 9.851086513369785E-7, 4.268282485463205E-6, 4.889999027226162E-7, 3.479458064204479E-6, 4.824895240661715E-7, 1.1100798886438022E-4]
[0.9996450199526619, 3.211591433480436E-5, 6.515576096179161E-5, 1.7076961915935533E-5, 1.4205192862186839E-6, 1.559347130317846E-5, 1.6356156135529416E-5, 1.2018899894075817E-5, 1.2678888831083802E-5, 9.709296318692172E-6, 5.897858266480523E-6, 1.269596906522323E-5, 1.5128145380721594E-5, 4.936444509876557E-6, 3.854651133752422E-6, 2.8888423390028542E-6, 9.960392043810104E-6, 6.304524721583611E-6, 5.907982937413234E-6, 8.706630773642636E-6, 1.0680151011358589E-5, 4.875973466840303E-6, 9.315439779395739E-7, 2.9020388083567115E-6, 3.247658445408928E-6, 9.612789572760152E-7, 4.4248914130829295E-6, 4.6717508593387086E-7, 3.4241416569425443E-6, 4.855351071661437E-7, 6.417234926136712E-5]
[0.9996414424514293, 3.3286858901373716E-5, 6.418315143248133E-5, 1.7163524494214697E-5, 1.4048947393145603E-6, 1.5491756748630822E-5, 1.68259106897055E-5, 1.2034233363933938E-5, 1.196062023038299E-5, 9.27253483216718E-6, 5.656123274188055E-6, 1.290236942030074E-5, 1.4257702268580501E-5, 4.705567631683402E-6, 3.739867757236275E-6, 2.8301527665336278E-6, 1.0115456272674866E-5, 6.198764711715635E-6, 5.658558027740218E-6, 8.352459733768226E-6, 1.0468417925396737E-5, 4.693185632683136E-6, 9.40680863565804E-7, 2.8090322231854115E-6, 3.3542715121536787E-6, 9.541421572119158E-7, 4.2916339550669674E-6, 4.82148939911945E-7, 3.3790989236916413E-6, 4.811270522634981E-7, 7.066330213587593E-5]
[0.9996370426120347, 3.4056652586348574E-5, 6.621579895525505E-5, 1.731468098259882E-5, 1.4500370868272445E-6, 1.5962839095320984E-5, 1.7172487074112882E-5, 1.1909434824511311E-5, 1.271536639591588E-5, 9.776381464460049E-6, 5.790600560757475E-6, 1.3204302655399853E-5, 1.471174521179317E-5, 4.792189337587776E-6, 3.915644465235544E-6, 2.8429693082069685E-6, 1.0203886295333481E-5, 6.317628598976774E-6, 5.802385769541488E-6, 8.670121901673746E-6, 1.0575162820489523E-5, 4.848461176390805E-6, 9.753262812183888E-7, 2.8785100771653566E-6, 3.4152493831191238E-6, 9.773660798782457E-7, 4.373328315445336E-6, 4.977870550539799E-7, 3.2799615205110896E-6, 4.875650645172554E-7, 6.782351758265916E-5]]
 
>>>>>>>>>>FINAL LOG IS>>>>>>
[
0.0 ,
-8962.165619406425 ,
-8962.163869800046 ,
-8962.161918987687 ,
-8962.159773735428 ,
-8962.1574067094 ,
-8962.154724610877 ,
-8962.151717131048 ,
-8962.1481042846 ,
-8962.143949069452 ,
-8962.139048868718 ,
-8962.133338179257 ,
-8962.126516138553 ,
-8962.118540144851 ,
-8962.10919569812 ,
-8962.09816143288 ,
-8962.085502431124 ,
-8962.071033994509 ,
-8962.054770926392 ,
-8962.036688591124 ,
-8962.017002544722 ,
-8961.996106872688 ,
-8961.974290620892 ,
-8961.952056399201 ,
-8961.929813209563 ,
-8961.907915409985 ,
-8961.886698362809 ,
-8961.86632898896 ,
-8961.846812901713 ,
-8961.828298495995 ,
-8961.810639905309 ,
]
