>>>>>>>>>>FINAL PI IS>>>>>>
[0.9776996130188715 ][0.022300386981128403 ] 
 
>>>>>>>>>>FINAL A IS>>>>>>
[[0.4989873562375536, 0.5010126437624612]
[0.49880861812069915, 0.5011913818792948]]
 
>>>>>>>>>>FINAL B IS>>>>>>
[[0.23878928873208552, 0.15585374980665362, 0.07063281221517317, 0.06514979397271356, 0.05722121406019865, 0.04233200083814131, 0.03810159963168687, 0.03968970561804811, 0.030614967879416165, 0.030777113118173577, 0.029295552574537455, 0.025828876941363012, 0.02616903920820237, 0.019104210852782088, 0.018267112076835762, 0.017062885774852085, 0.014855354293950265, 0.0074265966129023215, 0.007554050408820447, 0.008051102892168085, 0.004734889552154992, 0.003881069710385106, 0.0034694404456429937, 0.0030139836981449624, 0.0032298490834124023, 0.002739977130869096, 0.0021576076518990037, 0.002313641695010845, 0.0021441808783401175, 0.0019417560762252399, 0.027596576569219468]
[0.24275202318075143, 0.15424976684175845, 0.06909555813366648, 0.06392788499853973, 0.05855087073736793, 0.04416398263797508, 0.03727521217940177, 0.037564952790936884, 0.030136082052608832, 0.029351013530276557, 0.029503990436397197, 0.027093350766184056, 0.02687940335571132, 0.018197776457026207, 0.018232962793674097, 0.017261678382795242, 0.014245981723407443, 0.007598027533806851, 0.007471131386780606, 0.007774503537390735, 0.0049646068048328695, 0.003868956846432961, 0.0035054805383465163, 0.002886296249879432, 0.0032451174415143256, 0.002859760250930972, 0.0021174803251574567, 0.002286417991529295, 0.0021308483525225353, 0.0018833719279536087, 0.028925509814433734]]
 
>>>>>>>>>>FINAL LOG IS>>>>>>
[
0.0 ,
-274681.9897972557 ,
-217196.43513575866 ,
-217196.43513063312 ,
-217196.4351255461 ,
-217196.43512040484 ,
-217196.43511525795 ,
-217196.43511005654 ,
-217196.43510482562 ,
-217196.43509955888 ,
-217196.43509423998 ,
-217196.43508883176 ,
-217196.43508337045 ,
-217196.4350778535 ,
-217196.43507225465 ,
-217196.43506656023 ,
-217196.43506077296 ,
-217196.43505491246 ,
-217196.43504891574 ,
-217196.43504283033 ,
-217196.43503659457 ,
-217196.43503025372 ,
-217196.43502376205 ,
-217196.43501712653 ,
-217196.43501034024 ,
-217196.43500341012 ,
-217196.43499629735 ,
-217196.43498899994 ,
-217196.4349815257 ,
-217196.43497386383 ,
-217196.43496598885 ,
-217196.43495789653 ,
-217196.4349495816 ,
-217196.43494105173 ,
-217196.43493228126 ,
-217196.43492322654 ,
-217196.43491393342 ,
-217196.4349043393 ,
-217196.4348944828 ,
-217196.4348843216 ,
-217196.43487385366 ,
-217196.43486304968 ,
-217196.43485192844 ,
-217196.43484042987 ,
-217196.43482860673 ,
-217196.43481639618 ,
-217196.4348037979 ,
-217196.43479077466 ,
-217196.43477735875 ,
-217196.43476351956 ,
-217196.4347491986 ,
-217196.43473443398 ,
-217196.4347191545 ,
-217196.43470341462 ,
-217196.4346871255 ,
-217196.43467031472 ,
-217196.4346529464 ,
-217196.4346349805 ,
-217196.4346164584 ,
-217196.43459730476 ,
-217196.4345774898 ,
-217196.43455704208 ,
-217196.4345359109 ,
-217196.4345140305 ,
-217196.43449149717 ,
-217196.434468147 ,
-217196.43444404233 ,
-217196.43441913507 ,
-217196.43439337466 ,
-217196.43436676147 ,
-217196.43433925533 ,
-217196.43431082182 ,
-217196.43428146382 ,
-217196.43425111772 ,
-217196.4342197252 ,
-217196.43418732722 ,
-217196.4341538669 ,
-217196.43411925642 ,
-217196.4340835036 ,
-217196.4340465914 ,
-217196.43400841812 ,
-217196.43396902585 ,
-217196.43392830645 ,
-217196.43388625103 ,
-217196.43384281767 ,
-217196.43379801526 ,
-217196.4337517026 ,
-217196.43370387686 ,
-217196.43365449304 ,
-217196.43360353043 ,
-217196.43355091114 ,
-217196.43349659845 ,
-217196.43344053268 ,
-217196.43338268096 ,
-217196.43332296528 ,
-217196.4332613771 ,
-217196.4331978119 ,
-217196.43313229535 ,
-217196.43306468532 ,
-217196.43299494975 ,
-217196.4329230844 ,
-217196.43284895967 ,
-217196.43277255338 ,
-217196.4326937866 ,
-217196.432612612 ,
-217196.43252898954 ,
-217196.4324428219 ,
-217196.43235409632 ,
-217196.43226270497 ,
-217196.43216862186 ,
-217196.43207171594 ,
-217196.4319719924 ,
-217196.43186936798 ,
-217196.43176379622 ,
-217196.43165516283 ,
-217196.43154346631 ,
-217196.43142858212 ,
-217196.43131048247 ,
-217196.4311891293 ,
-217196.4310643866 ,
-217196.430936283 ,
-217196.43080468802 ,
-217196.4306695823 ,
-217196.43053084996 ,
-217196.43038851424 ,
-217196.4302424794 ,
-217196.4300926974 ,
-217196.4299390576 ,
-217196.42978161864 ,
-217196.42962026547 ,
-217196.4294549207 ,
-217196.42928564188 ,
-217196.42911225118 ,
-217196.428934859 ,
-217196.42875329958 ,
-217196.42856762177 ,
-217196.42837774486 ,
-217196.42818368904 ,
-217196.42798540357 ,
-217196.42778288512 ,
-217196.42757611914 ,
-217196.42736508025 ,
-217196.4271497792 ,
-217196.42693019714 ,
-217196.42670634584 ,
-217196.42647825123 ,
-217196.42624591148 ,
-217196.42600933736 ,
-217196.42576858427 ,
-217196.4255236259 ,
-217196.42527449364 ,
-217196.42502133898 ,
-217196.4247640615 ,
-217196.42450282094 ,
-217196.42423761002 ,
-217196.4239684939 ,
-217196.42369554835 ,
-217196.42341887864 ,
-217196.42313849804 ,
-217196.42285452064 ,
-217196.42256701883 ,
-217196.42227609875 ,
-217196.42198187657 ,
-217196.42168436828 ,
-217196.42138377228 ,
-217196.42108013705 ,
-217196.42077355823 ,
-217196.42046424482 ,
-217196.4201521804 ,
-217196.41983759 ,
-217196.4195205514 ,
-217196.419201205 ,
-217196.41887961802 ,
-217196.41855598264 ,
-217196.41823042248 ,
-217196.41790301993 ,
-217196.41757393288 ,
-217196.4172433209 ,
-217196.41691124052 ,
-217196.41657791505 ,
-217196.41624336806 ,
-217196.41590775875 ,
-217196.4155712404 ,
-217196.41523393337 ,
-217196.41489593193 ,
-217196.41455732042 ,
-217196.41421829726 ,
-217196.4138789789 ,
-217196.4135393075 ,
-217196.4131995526 ,
-217196.41285976986 ,
-217196.41252006774 ,
-217196.41218051256 ,
-217196.41184119726 ,
-217196.4115021755 ,
-217196.41116359274 ,
-217196.4108254461 ,
-217196.41048792988 ,
-217196.4101509544 ,
-217196.40981469688 ,
-217196.4094791572 ,
]

 ------------------SCORING OBSERVATION 1 (FROM LATER OPCODES EXISTING FAMILY) ----------------------
-54395.73644620886
Diffference:-162800.67303294834
