>>>>>>>>>>FINAL PI IS>>>>>>
[0.001890289097594252 ][0.9981097109024059 ] 
 
>>>>>>>>>>FINAL A IS>>>>>>
[[0.504390801920165, 0.4956091980798368]
[0.4941641651381298, 0.505835834861866]]
 
>>>>>>>>>>FINAL B IS>>>>>>
[[0.24089870909468913, 0.1484709055296124, 0.06989697694901667, 0.06692696662171603, 0.05761972629739888, 0.044579061856773, 0.03510218303926039, 0.03830858409321883, 0.03163180398593932, 0.031119037003484454, 0.029317216210973912, 0.026984557680813762, 0.0264864840908439, 0.018844814682423463, 0.016170415072821305, 0.018914442276374448, 0.01544908693516617, 0.00822733573179461, 0.007786064530725125, 0.006804468295273402, 0.005605360334836069, 0.0042432596090230465, 0.002614255087593888, 0.0033275656546245154, 0.003050479670344596, 0.0032281985168290304, 0.00247179787782516, 0.002478944540802043, 0.0020427181421926936, 0.002303765942069411, 0.029094814645546207]
[0.23403639582231572, 0.15761562865142714, 0.07264897067577074, 0.0657996933146287, 0.060401177949902976, 0.04586903862222942, 0.03472337476479524, 0.03909026486354037, 0.03166814250474072, 0.03048190119391649, 0.02870867987303526, 0.02728999255917475, 0.02588939513662467, 0.01828101552503962, 0.016229497926293274, 0.018735820748009276, 0.014702013148480748, 0.008072891690672929, 0.007314629668150735, 0.006920361049931228, 0.005719471633604079, 0.004206794087311674, 0.002361117663191868, 0.0031976256850238366, 0.003074484981272873, 0.0031469211659735717, 0.0023284132593834757, 0.0023462508537597324, 0.001907480997669787, 0.002271281891455875, 0.024961272092667904]]
 
>>>>>>>>>>FINAL LOG IS>>>>>>
[
0.0 ,
-274707.0937368307 ,
-217867.81160141985 ,
-217867.81143565738 ,
-217867.81127092318 ,
-217867.81110704064 ,
-217867.81094400783 ,
-217867.81078174457 ,
-217867.81062018508 ,
-217867.81045933874 ,
-217867.81029908019 ,
-217867.81013936442 ,
-217867.80998018666 ,
-217867.80982151223 ,
-217867.80966325643 ,
-217867.80950524937 ,
-217867.80934760135 ,
-217867.80919025015 ,
-217867.80903305 ,
-217867.80887606318 ,
-217867.80871918608 ,
-217867.80856235157 ,
-217867.80840554662 ,
-217867.80824875075 ,
-217867.80809179123 ,
-217867.80793473375 ,
-217867.80777759737 ,
-217867.8076201759 ,
-217867.80746241254 ,
-217867.8073044216 ,
-217867.80714612373 ,
-217867.8069873505 ,
-217867.8068280725 ,
-217867.80666840705 ,
-217867.80650813624 ,
-217867.80634732937 ,
-217867.80618575972 ,
-217867.80602371937 ,
-217867.80586082707 ,
-217867.80569720885 ,
-217867.8055327686 ,
-217867.80536746664 ,
-217867.80520130487 ,
-217867.8050341122 ,
-217867.80486597025 ,
-217867.80469681247 ,
-217867.80452660163 ,
-217867.80435521208 ,
-217867.80418271868 ,
-217867.80400894125 ,
-217867.803833885 ,
-217867.80365759117 ,
-217867.803479883 ,
-217867.80330076168 ,
-217867.8031202683 ,
-217867.80293821174 ,
-217867.8027546381 ,
-217867.8025694241 ,
-217867.8023826021 ,
-217867.8021941272 ,
-217867.8020039123 ,
-217867.80181183072 ,
-217867.80161792444 ,
-217867.8014221579 ,
-217867.8012244069 ,
-217867.80102465444 ,
-217867.8008229052 ,
-217867.80061896183 ,
-217867.80041287112 ,
-217867.80020455684 ,
-217867.7999939884 ,
-217867.79978106992 ,
-217867.79956571985 ,
-217867.79934787087 ,
-217867.7991275162 ,
-217867.79890457433 ,
-217867.798678934 ,
-217867.79845061045 ,
-217867.79821945442 ,
-217867.7979854395 ,
-217867.7977484856 ,
-217867.79750847 ,
-217867.79726540315 ,
-217867.79701909382 ,
-217867.7967695524 ,
-217867.79651665856 ,
-217867.79626038985 ,
-217867.79600050952 ,
-217867.79573708487 ,
-217867.7954699372 ,
-217867.79519895735 ,
-217867.79492414257 ,
-217867.7946453046 ,
-217867.79436233838 ,
-217867.7940751598 ,
-217867.79378366668 ,
-217867.79348768608 ,
-217867.7931871709 ,
-217867.7928819714 ,
-217867.79257192588 ,
-217867.79225698192 ,
-217867.79193690952 ,
-217867.79161165745 ,
-217867.79128097015 ,
-217867.79094480342 ,
-217867.790602974 ,
-217867.79025528402 ,
-217867.78990162283 ,
-217867.78954174745 ,
-217867.78917555592 ,
-217867.78880281263 ,
-217867.788423354 ,
-217867.78803695945 ,
-217867.7876434082 ,
-217867.7872425765 ,
-217867.78683414828 ,
-217867.78641800216 ,
-217867.78599379765 ,
-217867.7855613342 ,
-217867.78512034545 ,
-217867.78467059636 ,
-217867.78421184752 ,
-217867.78374371954 ,
-217867.78326599728 ,
-217867.78277834007 ,
-217867.78228050083 ,
-217867.78177203715 ,
-217867.78125273585 ,
-217867.7807221729 ,
-217867.78018002585 ,
-217867.77962589925 ,
-217867.77905936647 ,
-217867.77848007967 ,
-217867.7778875761 ,
-217867.77728143317 ,
-217867.77666115493 ,
-217867.77602637646 ,
-217867.7753764766 ,
-217867.7747110124 ,
-217867.77402940523 ,
-217867.77333110993 ,
-217867.77261560725 ,
-217867.77188221444 ,
-217867.77113032914 ,
-217867.77035931582 ,
-217867.76956847255 ,
-217867.76875707463 ,
-217867.76792441326 ,
-217867.76706969805 ,
-217867.7661921101 ,
-217867.76529083666 ,
-217867.76436495813 ,
-217867.7634135695 ,
-217867.7624357508 ,
-217867.76143040947 ,
-217867.76039657352 ,
-217867.75933310358 ,
-217867.7582388713 ,
-217867.7571127066 ,
-217867.75595328107 ,
-217867.75475932768 ,
-217867.75352942658 ,
-217867.75226221542 ,
-217867.7509560454 ,
-217867.74960942267 ,
-217867.7482206411 ,
-217867.7467879412 ,
-217867.74530950203 ,
-217867.7437834025 ,
-217867.7422075871 ,
-217867.74057985662 ,
-217867.73889805726 ,
-217867.7371597227 ,
-217867.73536245455 ,
-217867.7335035699 ,
-217867.7315802821 ,
-217867.72958968513 ,
-217867.72752868946 ,
-217867.72539404614 ,
-217867.72318230287 ,
-217867.7208898 ,
-217867.71851272442 ,
-217867.71604694444 ,
-217867.71348821986 ,
-217867.71083193543 ,
-217867.70807328128 ,
-217867.7052071152 ,
-217867.70222794032 ,
-217867.69912999962 ,
-217867.6959071721 ,
-217867.69255288757 ,
-217867.68906021916 ,
-217867.68542164285 ,
-217867.68162943175 ,
-217867.67767507274 ,
-217867.67354955987 ,
-217867.66924337507 ,
-217867.66474626723 ,
-217867.66004718986 ,
-217867.6551344863 ,
-217867.6499955807 ,
]

 ------------------SCORING OBSERVATION 1 (FROM LATER OPCODES EXISTING FAMILY) ----------------------
-217921.96424989967

 ------------------SCORING OBSERVATION 2 DIFFERENT FAMILY ----------------------
-199876.12771906616

 ------------------SCORING OBSERVATION 3 DIFFERENT FAMILY ----------------------
-361985.79332445905

 ------------------SCORING OBSERVATION 4 DIFFERENT FAMILY ----------------------
-2736.4935647557472

 ------------------SCORING OBSERVATION 5 DIFFERENT FAMILY ----------------------
-15578.221559130187
