>>>>>>>>>>FINAL PI IS>>>>>>
[4.9721785756711266E-24 ][0.9999999999999999 ] 
 
>>>>>>>>>>FINAL A IS>>>>>>
[[0.5011484061860908, 0.4988515938139013]
[0.5034850753226978, 0.4965149246773059]]
 
>>>>>>>>>>FINAL B IS>>>>>>
[[0.2687970401757864, 0.20183985042922606, 0.10177842612424523, 0.09341893899444036, 0.03952020327848472, 0.030505785221433487, 0.030183811586947454, 0.03030849524989269, 0.016804019268536377, 0.0252030562946923, 0.020670110259621247, 0.016333401929470227, 0.014990479118064714, 0.012969302716138779, 0.011378817534452874, 0.011143415382735061, 0.01035980418785358, 0.008307638021582093, 0.005395552401229908, 0.004526370053544709, 0.0037992145888811686, 0.00329041391277182, 0.002617687916304526, 0.002531960884369332, 0.002626146095122681, 0.002409716273419954, 0.0019028288495445825, 0.002069227914817543, 0.002021769565074793, 0.0015718134094068997, 0.020724702361902127]
[0.2604767503042339, 0.19938085893971513, 0.10106453096397741, 0.09456420418597083, 0.03896067242481328, 0.02917376965223016, 0.03056559651420882, 0.030546457870443695, 0.031158770409201803, 0.023962899632696138, 0.019575525294857992, 0.016377078020374677, 0.014531638332413535, 0.013370679189816744, 0.011348315816535696, 0.010625671655860263, 0.009922820956257548, 0.007832928583021927, 0.00554395323760227, 0.004500700415657902, 0.003847565396476426, 0.003187450349028408, 0.0026927655982214136, 0.002459210509209434, 0.002577540042910072, 0.002369197985278015, 0.0019205315664707963, 0.0020726739830746327, 0.002013878318440143, 0.0016144476762144006, 0.02176091617479125]]
 
>>>>>>>>>>FINAL LOG IS>>>>>>
[
0.0 ,
-64754.847849956495 ,
-46826.4549719353 ,
-46826.45490764628 ,
-46826.454842625215 ,
-46826.45477631959 ,
-46826.4547081734 ,
-46826.45463761589 ,
-46826.45456406302 ,
-46826.45448690656 ,
-46826.45440551532 ,
-46826.454319227676 ,
-46826.45422734758 ,
-46826.45412913938 ,
-46826.45402382258 ,
-46826.45391056677 ,
-46826.45378848824 ,
-46826.45365664218 ,
-46826.45351402185 ,
-46826.45335954379 ,
-46826.45319205164 ,
-46826.453010305566 ,
-46826.45281298052 ,
-46826.45259865818 ,
-46826.45236581841 ,
-46826.45211283981 ,
-46826.45183799648 ,
-46826.451539451074 ,
-46826.4512152503 ,
-46826.45086332824 ,
-46826.45048150139 ,
-46826.45006747487 ,
-46826.449618837774 ,
-46826.449133080045 ,
-46826.44860759037 ,
-46826.44803967223 ,
-46826.44742655904 ,
-46826.44676543249 ,
-46826.44605344397 ,
-46826.44528773955 ,
-46826.44446549836 ,
-46826.44358396751 ,
-46826.44264049926 ,
-46826.44163260166 ,
-46826.440557986345 ,
-46826.43941462223 ,
-46826.438200793564 ,
-46826.43691515485 ,
-46826.4355567873 ,
-46826.43412525087 ,
-46826.4326206376 ,
-46826.43104360971 ,
-46826.42939543401 ,
-46826.42767800425 ,
-46826.42589384529 ,
-46826.42404610686 ,
-46826.42213854372 ,
-46826.42017546537 ,
-46826.41816168723 ,
-46826.41610245077 ,
-46826.41400334295 ,
-46826.41187018472 ,
-46826.409708946354 ,
-46826.40752562029 ,
-46826.405326121945 ,
-46826.40311618208 ,
-46826.40090125679 ,
-46826.39868643725 ,
-46826.396476385766 ,
-46826.394275276194 ,
-46826.39208676232 ,
-46826.389913961335 ,
-46826.38775943804 ,
-46826.385625231596 ,
-46826.38351286618 ,
-46826.38142339755 ,
-46826.379357445265 ,
-46826.3773152462 ,
-46826.37529671072 ,
-46826.373301463645 ,
-46826.37132890703 ,
-46826.369378263815 ,
-46826.36744862493 ,
-46826.36553899014 ,
-46826.363648309365 ,
-46826.36177550626 ,
-46826.359919509385 ,
-46826.358079270976 ,
-46826.35625378633 ,
-46826.3544421091 ,
-46826.35264334559 ,
-46826.35085667872 ,
-46826.34908135462 ,
-46826.347316694795 ,
-46826.34556208722 ,
-46826.3438169849 ,
-46826.342080906434 ,
-46826.3403534239 ,
-46826.33863416506 ,
-46826.33692280518 ,
-46826.33521906145 ,
-46826.333522686626 ,
-46826.33183347168 ,
-46826.330151232156 ,
-46826.32847581244 ,
-46826.326807074525 ,
-46826.32514489914 ,
-46826.323489183764 ,
-46826.32183984194 ,
-46826.32019679091 ,
-46826.31855996212 ,
-46826.316929289686 ,
-46826.31530472164 ,
-46826.31368620267 ,
-46826.31207368721 ,
-46826.3104671293 ,
-46826.30886648939 ,
-46826.30727172535 ,
-46826.30568280021 ,
-46826.30409967873 ,
-46826.30252232545 ,
-46826.30095070312 ,
-46826.299384783095 ,
-46826.29782452878 ,
-46826.29626991082 ,
-46826.2947208955 ,
-46826.29317745135 ,
-46826.29163954914 ,
-46826.29010715659 ,
-46826.28858024345 ,
-46826.287058780355 ,
-46826.28554273639 ,
-46826.28403208397 ,
-46826.28252679204 ,
-46826.28102683263 ,
-46826.279532174085 ,
-46826.27804278777 ,
-46826.2765586513 ,
-46826.27507973012 ,
-46826.27360599534 ,
-46826.27213742567 ,
-46826.270673987274 ,
-46826.26921565431 ,
-46826.267762399555 ,
-46826.266314197615 ,
-46826.264871016654 ,
-46826.2634328345 ,
-46826.26199962272 ,
-46826.26057135479 ,
-46826.25914800434 ,
-46826.25772954679 ,
-46826.256315953935 ,
-46826.25490720106 ,
-46826.25350326136 ,
-46826.252104111314 ,
-46826.250709724496 ,
-46826.24932007627 ,
-46826.24793514034 ,
-46826.246554892045 ,
-46826.24517930927 ,
-46826.24380836432 ,
-46826.24244203603 ,
-46826.241080297725 ,
-46826.23972312541 ,
-46826.23837049586 ,
-46826.23702238515 ,
-46826.2356787711 ,
-46826.23433962747 ,
-46826.23300493178 ,
-46826.23167466374 ,
-46826.23034879554 ,
-46826.22902730831 ,
-46826.22771017692 ,
-46826.226397379505 ,
-46826.225088893814 ,
-46826.223784696704 ,
-46826.22248476888 ,
-46826.221189082935 ,
-46826.21989762201 ,
-46826.21861035925 ,
-46826.217327278006 ,
-46826.21604835392 ,
-46826.21477356675 ,
-46826.21350289339 ,
-46826.21223631419 ,
-46826.21097380769 ,
-46826.20971535254 ,
-46826.208460928945 ,
-46826.207210513676 ,
-46826.20596409022 ,
-46826.20472163339 ,
-46826.20348312599 ,
-46826.2022485469 ,
-46826.20101787542 ,
-46826.199791091596 ,
-46826.19856817592 ,
-46826.19734910962 ,
-46826.19613387132 ,
-46826.19492244123 ,
-46826.193714800924 ,
-46826.19251093018 ,
]

 ------------------SCORING OBSERVATION 1 (FROM LATER OPCODES EXISTING FAMILY) ----------------------
-11648.130482091825
Diffference:-35178.06202883836
