>>>>>>>>>>FINAL PI IS>>>>>>
[0.004773761639700216 ][0.9952262383602998 ] 
 
>>>>>>>>>>FINAL A IS>>>>>>
[[0.49946404771043146, 0.5005359522895579]
[0.5003436321291256, 0.4996563678708745]]
 
>>>>>>>>>>FINAL B IS>>>>>>
[[0.2375736579036408, 0.1574608482707218, 0.06996529799076943, 0.06396838283594095, 0.058754164969597414, 0.04441797037951413, 0.03860354117113657, 0.03893911595491762, 0.031225535666078223, 0.0303310127409252, 0.029535998485661095, 0.025958304820527692, 0.025823665852525397, 0.0187500848790246, 0.018477622444352772, 0.016996597817764903, 0.014516307079019748, 0.0078030011785373814, 0.007819911185539749, 0.007841135301618885, 0.004882011624840994, 0.003738493826107488, 0.0034122451153917803, 0.0029119563264068263, 0.0031702951463965286, 0.003133102175934699, 0.0023489859373656365, 0.002205785572944717, 0.0019988897128553973, 0.0018443258861897047, 0.02559175174774582]
[0.24564969039988546, 0.1513154085841835, 0.06905988718231401, 0.06428155311500455, 0.05639631725341968, 0.042332456146320925, 0.03697179255132455, 0.03778611985389009, 0.0300497048128543, 0.030693913039321053, 0.02976395489308096, 0.026416601449422792, 0.0258513284899589, 0.018749915155686935, 0.018047465530609895, 0.017603278105011364, 0.014558684254072255, 0.007572046056012699, 0.007655122516759396, 0.008083815065927171, 0.0047680116902323495, 0.003761501468408516, 0.0034377496684602675, 0.003013023003607707, 0.003254687593803211, 0.003016921585122754, 0.002351013647930436, 0.002119232128818927, 0.0019261251688257772, 0.001730697352925265, 0.0317819822368099]]
 
>>>>>>>>>>FINAL LOG IS>>>>>>
[
0.0 ,
-274603.0246850351 ,
-217222.4406557769 ,
-217222.4405298216 ,
-217222.44040394193 ,
-217222.44027808355 ,
-217222.4401523203 ,
-217222.44002665018 ,
-217222.439901025 ,
-217222.43977553747 ,
-217222.4396501438 ,
-217222.43952488524 ,
-217222.43939976112 ,
-217222.43927479195 ,
-217222.4391499793 ,
-217222.43902535198 ,
-217222.43890091623 ,
-217222.43877663108 ,
-217222.43865260808 ,
-217222.4385287827 ,
-217222.43840518565 ,
-217222.43828183415 ,
-217222.43815873016 ,
-217222.43803593257 ,
-217222.43791332658 ,
-217222.43779107032 ,
-217222.43766908074 ,
-217222.4375474513 ,
-217222.43742610863 ,
-217222.43730507942 ,
-217222.43718441503 ,
-217222.43706407983 ,
-217222.43694411538 ,
-217222.43682452926 ,
-217222.43670531857 ,
-217222.4365865233 ,
-217222.4364681093 ,
-217222.43635010463 ,
-217222.43623252102 ,
-217222.43611536824 ,
-217222.43599866936 ,
-217222.4358824179 ,
-217222.43576661788 ,
-217222.43565128106 ,
-217222.4355364423 ,
-217222.43542206284 ,
-217222.4353081935 ,
-217222.4351948278 ,
-217222.4350819604 ,
-217222.43496963684 ,
-217222.4348578054 ,
-217222.43474652155 ,
-217222.4346357968 ,
-217222.4345255814 ,
-217222.43441595818 ,
-217222.4343068911 ,
-217222.43419836735 ,
-217222.43409042901 ,
-217222.4339830808 ,
-217222.43387632837 ,
-217222.4337701552 ,
-217222.43366459748 ,
-217222.43355962337 ,
-217222.43345529243 ,
-217222.43335152656 ,
-217222.43324838486 ,
-217222.43314588623 ,
-217222.43304402696 ,
-217222.43294277156 ,
-217222.43284216424 ,
-217222.43274220155 ,
-217222.43264288563 ,
-217222.43254419992 ,
-217222.43244617849 ,
-217222.43234878406 ,
-217222.43225204252 ,
-217222.43215595878 ,
-217222.4320605307 ,
-217222.43196577084 ,
-217222.4318716867 ,
-217222.4317782299 ,
-217222.4316854623 ,
-217222.4315933088 ,
-217222.4315018732 ,
-217222.43141106845 ,
-217222.4313209373 ,
-217222.43123146828 ,
-217222.43114265532 ,
-217222.43105450278 ,
-217222.43096702994 ,
-217222.43088019826 ,
-217222.43079404105 ,
-217222.4307085068 ,
-217222.43062366557 ,
-217222.4305394584 ,
-217222.43045590454 ,
-217222.4303729702 ,
-217222.43029072287 ,
-217222.43020911535 ,
-217222.4301281339 ,
-217222.43004780562 ,
-217222.42996810083 ,
-217222.42988902598 ,
-217222.42981057102 ,
-217222.42973277686 ,
-217222.42965557156 ,
-217222.42957897208 ,
-217222.42950301766 ,
-217222.42942766435 ,
-217222.4293529068 ,
-217222.4292787418 ,
-217222.42920518396 ,
-217222.4291321937 ,
-217222.42905980806 ,
-217222.4289879904 ,
-217222.4289167554 ,
-217222.42884609452 ,
-217222.42877599582 ,
-217222.42870646028 ,
-217222.42863747178 ,
-217222.42856904265 ,
-217222.42850114818 ,
-217222.42843379127 ,
-217222.4283669604 ,
-217222.4283006474 ,
-217222.42823489264 ,
-217222.42816962677 ,
-217222.42810485346 ,
-217222.4280405956 ,
-217222.42797683648 ,
-217222.42791356947 ,
-217222.42785079157 ,
-217222.42778849462 ,
-217222.42772663914 ,
-217222.4276652751 ,
-217222.42760435925 ,
-217222.427543924 ,
-217222.4274838937 ,
-217222.42742432922 ,
-217222.4273651962 ,
-217222.42730648632 ,
-217222.42724818471 ,
-217222.42719033995 ,
-217222.42713288244 ,
-217222.42707583695 ,
-217222.4270191915 ,
-217222.42696291473 ,
-217222.42690701838 ,
-217222.42685154238 ,
-217222.42679641256 ,
-217222.42674164133 ,
-217222.42668726426 ,
-217222.42663321795 ,
-217222.42657954074 ,
-217222.42652618507 ,
-217222.42647318824 ,
-217222.4264205163 ,
-217222.42636815915 ,
-217222.4263161261 ,
-217222.4262644179 ,
-217222.4262129945 ,
-217222.4261619114 ,
-217222.4261111092 ,
-217222.42606060195 ,
-217222.42601036446 ,
-217222.4259604163 ,
-217222.42591077182 ,
-217222.4258613689 ,
-217222.425812262 ,
-217222.42576340638 ,
-217222.42571477615 ,
-217222.42566642188 ,
-217222.42561832748 ,
-217222.42557046196 ,
-217222.4255228331 ,
-217222.4254754443 ,
-217222.42542824827 ,
-217222.4253813067 ,
-217222.42533457026 ,
-217222.42528807095 ,
-217222.42524174784 ,
-217222.42519566452 ,
-217222.42514977313 ,
-217222.4251040532 ,
-217222.4250585557 ,
-217222.4250132207 ,
-217222.42496808575 ,
-217222.42492312987 ,
-217222.42487833582 ,
-217222.4248337327 ,
-217222.4247892775 ,
-217222.4247450064 ,
-217222.42470089352 ,
-217222.42465693518 ,
-217222.42461312847 ,
-217222.424569476 ,
-217222.42452594388 ,
-217222.4244826041 ,
-217222.42443937517 ,
-217222.4243962997 ,
-217222.4243533444 ,
]

 ------------------SCORING OBSERVATION 1 (FROM LATER OPCODES EXISTING FAMILY) ----------------------
-54371.06298104531
Diffference:-162851.36137229908
