>>>>>>>>>>FINAL PI IS>>>>>>
[0.6105503851627807 ][0.3894496148372191 ] 
 
>>>>>>>>>>FINAL A IS>>>>>>
[[0.5050212032705317, 0.4949787967294994]
[0.5001567968333694, 0.4998432031666209]]
 
>>>>>>>>>>FINAL B IS>>>>>>
[[0.2374712002691956, 0.15785014990310256, 0.07308906731941385, 0.05832545879056025, 0.05633104852283431, 0.04044866427503711, 0.03646952467405583, 0.0342614003767411, 0.028063849561002635, 0.028770058306604618, 0.027444459009797084, 0.025442495484194347, 0.026026499869966486, 0.0180938424457816, 0.01915446926358029, 0.015534030788951811, 0.013685825085278153, 0.00951928869229426, 0.007241488990525427, 0.007297389079842543, 0.006321593421851101, 0.004536349616244789, 0.003753691640656367, 0.0032437043382407948, 0.003060114711732502, 0.003098762389397729, 0.0023377775190775198, 0.00228405412927179, 0.002026201400186211, 0.0018126217620124492, 0.04700491836258731]
[0.23712700729374214, 0.15541718003774785, 0.07307083774732787, 0.0613703981926604, 0.05707281433500417, 0.041677736303747014, 0.03725456353473832, 0.035424657460748056, 0.029865532978333817, 0.029071511556863883, 0.027877797666907175, 0.026080828732900702, 0.026656782421905532, 0.01846810659145504, 0.018843913470078313, 0.01622959144855498, 0.01391537030623425, 0.00964134694454519, 0.0069570296443359604, 0.007342847652561503, 0.006479227481394275, 0.004664316792210059, 0.0038870025963409103, 0.003397094464076881, 0.0030196746907317955, 0.003181669361217771, 0.002342245749911449, 0.002436741010794589, 0.0020137336722317037, 0.0018274554868568692, 0.0373849843738226]]
 
>>>>>>>>>>FINAL LOG IS>>>>>>
[
0.0 ,
-171578.4611262777 ,
-136314.8536094534 ,
-136314.8518301075 ,
-136314.85005571053 ,
-136314.84828418912 ,
-136314.84651351202 ,
-136314.84474167498 ,
-136314.8429665504 ,
-136314.84118612803 ,
-136314.83939835982 ,
-136314.83760112888 ,
-136314.83579232616 ,
-136314.83396986785 ,
-136314.8321315294 ,
-136314.83027514623 ,
-136314.82839845476 ,
-136314.82649915302 ,
-136314.82457496074 ,
-136314.82262337967 ,
-136314.82064202544 ,
-136314.81862829282 ,
-136314.81657961037 ,
-136314.81449323246 ,
-136314.81236640693 ,
-136314.81019621497 ,
-136314.8079796323 ,
-136314.8057135763 ,
-136314.80339475727 ,
-136314.8010198142 ,
-136314.7985851883 ,
]

 ------------------SCORING OBSERVATION 1 (FROM LATER OPCODES EXISTING FAMILY) ----------------------
-135615.1864834203

 ------------------SCORING OBSERVATION 2 DIFFERENT FAMILY ----------------------
-197660.9401090447

 ------------------SCORING OBSERVATION 3 DIFFERENT FAMILY ----------------------
-364935.36973011325

 ------------------SCORING OBSERVATION 4 DIFFERENT FAMILY ----------------------
-2762.171202910992

 ------------------SCORING OBSERVATION 5 DIFFERENT FAMILY ----------------------
-15590.725892424147
